username = zgcs95
detector set
algorithm = VD
dimension = 2
self-radius = 0.0015
number of points = 448
training time = 0.2
[0.8776384667953981,0.5382250606726753,0.0050362138022572184],
[0.6240614974980357,0.2168328654031475,0.0021642406235332723],
[0.9736810660214515,0.516437827425236,0.0758241407625404],
[0.17412081390318146,0.36301066266147286,0.0061281640906513234],
[0.09060433822033465,0.07601919093321718,0.22963755628365953],
[0.32840242000239395,0.6685123256935099,0.04344629012728091],
[0.6598314438705732,0.04594617549726976,0.004621824011466541],
[0.959115695027666,0.16167141592361933,0.0021776706246876363],
[0.8717475485229689,0.587964995929438,0.002391549855709213],
[0.11886099821060381,0.6488026089913258,0.04810417210449858],
[0.36789807680145004,0.8741684838723549,0.19649132776179123],
[0.9877333128278768,0.5993466116114337,0.08944784152887791],
[0.023309321693942064,0.993617896396545,0.0018233709866049344],
[0.05990093025472565,0.3403637728093807,0.04406907726947532],
[0.3072774049745489,0.2768305505993399,0.024924046367394325],
[0.37920884009653977,0.11077333674259682,0.07759187642876858],
[0.9306929489180722,0.26606652510460427,0.0619006087148159],
[0.8080439540430614,0.6459759642843549,0.006017944235897401],
[0.9962578472718326,0.8042148559915696,0.04491789164716985],
[0.5882366320996372,0.4907723510372476,0.014317397351268928],
[0.05109299746031204,0.698047553293019,0.11023280903069176],
[0.8809679799563936,0.7778797487839294,0.024312783825008597],
[0.09627720596548095,0.9217251754154606,0.01551304373183983],
[0.3074228813305726,0.15796279326462936,0.14254776896751242],
[0.2660387234922902,0.6013517086984835,0.011463839322404166],
[0.7493876291074663,0.9229992067614109,0.06516441030372801],
[0.8922141118819813,0.33282491489134247,0.0727864747579213],
[0.5119947527612925,0.4233795994753957,0.025444568386661454],
[0.12490110899229545,0.37181097274603037,0.002509062673479084],
[0.9953292259426342,0.07565358943589184,0.023280800471435846],
[0.3921315137300675,0.27673342733443185,0.033589459022330716],
[0.056063944603522375,0.3937833677497806,0.04489427454700135],
[0.9626081285806068,0.9327415135643208,0.04772367707681407],
[0.01345081088442901,0.4790093402027703,0.08729579189626392],
[0.9693780734466336,0.39082667728392195,0.08971686636655764],
[0.8286173298185534,0.7441599195358513,0.0442082290514429],
[0.21417341276424362,0.33962002974450334,0.006248263620632362],
[0.9512445434697229,0.07585859032035758,0.0059261296564520945],
[0.20076576221954634,0.9972009391941798,0.11080173916085052],
[0.3327948301694219,0.33922746888836086,0.004605003152581201],
[0.5477719758809564,0.13131540703645628,0.004564992047217897],
[0.7359755494557251,0.6042889647440146,0.06321741916997314],
[0.6639213682265883,0.8898569923834827,0.13641363148717847],
[0.46474652627503277,0.27843290858660485,0.03229109247902713],
[0.7634040359983832,0.3601257653829796,0.056165544389992474],
[0.5470241026036132,0.015545783650956713,0.004435403237645541],
[0.6376052054959895,0.3153715382071022,0.02664085461984553],
[0.6988011172880897,0.4768706537779763,0.008901093753662522],
[0.5211352262071866,0.1452063424454989,0.003035349871958528],
[0.5831412048334744,0.322388980068146,0.0017085748921298995],
[0.42361629223001307,0.2927959433962358,0.02838237979464505],
[0.23755161683342085,0.33723460710369435,0.002474048148182912],
[0.7124508215632579,0.48884089073806347,0.020399414095205626],
[0.5902299580130312,0.023443910154848258,0.005576755566605283],
[0.11741955349527766,0.8468082649543649,0.07683173967767508],
[0.6659892561433892,0.736321244464047,0.09137252387228051],
[0.3303625324665266,0.40769738863731675,0.006327188220710902],
[0.6481297762325072,0.0004445995530537594,0.008947888308497501],
[0.6050718944711174,0.0794223925896721,0.003922279361943164],
[0.5620109853574388,0.25487347235507285,0.0015040275438602925],
[0.5323817396016706,0.18324159376379978,0.0016507721685586878],
[0.510490203290329,0.29807668325786774,0.0059924481359273],
[0.8827934668515046,0.5921754485847814,0.003020521972203367],
[0.2973073614272356,0.430494309805867,0.006068713793876536],
[0.6666490636674989,0.28062100385497346,0.011844628855802283],
[0.10985843470830703,0.36768910496276097,0.005512401543200252],
[0.5561198619998737,0.38380753266687373,0.003986923661430773],
[0.028395640521788224,0.8170531643887893,0.09295312963283765],
[0.6356546578659215,0.27904885026053927,0.004257385248036006],
[0.7912698917591838,0.9843030276734229,0.09365814094244028],
[0.5247813039208081,0.7394080884171195,0.0397187853991689],
[0.2749400057580613,0.3180991237971267,0.002227771470818873],
[0.225197949446173,0.6230588311615917,0.028347932147561743],
[0.32156200083259756,0.5252684447976428,0.003924114657269934],
[0.7940767857813861,0.6669883439278648,0.011273184951031722],
[0.4115690056931035,0.5154510553781045,0.019959339920799],
[0.19184598902327044,0.5927496848439817,0.004702135053722923],
[0.7167996166780454,0.41558513747174175,0.0366401820064252],
[0.6658445593877123,0.32219897317719703,0.03594162062769231],
[0.597286549499997,0.3077414519017567,0.015814520089045072],
[0.38783833693555614,0.4448220988556525,0.005259845886778122],
[0.10462061795720157,0.5489378237662481,0.003007031311073874],
[0.723965525749739,0.02629406140286228,0.030851365194092602],
[0.5988991348115026,0.5567827941939608,0.0030649932286507934],
[0.8976784281957356,0.9361870486574572,0.04075931085464984],
[0.2665904871693051,0.5332189078940968,0.008645848174222483],
[0.6111361668260197,0.6604432015619887,0.006892275869500359],
[0.8565472213274646,0.45211546990529106,0.008643716725156278],
[0.26354451030145876,0.31952267627958464,0.005811479852727307],
[0.27531289689001026,0.3240156712979292,0.0035730130412272598],
[0.16356562100178784,0.3115764394205234,0.004009199977480038],
[0.7930636446708131,0.11477493993193355,0.0015459736933049416],
[0.5309226625878997,0.34618808687172375,0.004294034486023649],
[0.8256607141544328,0.08303708705609059,0.007921583094687074],
[0.8480209319170301,0.5655646553059543,0.005000713723815832],
[0.7937923005721728,0.49654825615476783,0.011028534430350144],
[0.5837647233911847,0.36680012881030544,0.0032666347208871655],
[0.37544234176877633,0.6719515209297099,0.011139348379166218],
[0.7896545459172255,0.7859214977427542,0.02116361480749894],
[0.9658648578890819,0.839369362093607,0.018983257070657063],
[0.3179319852412139,0.5389470536370262,0.004769353817668702],
[0.4579249199515011,0.5111151038473177,0.057230770092547636],
[0.8692108692765382,0.8652221477716286,0.005347685295906171],
[0.8932754586543642,0.20761504983991197,0.001973656529612668],
[0.4759739930751673,0.6444610024617273,0.0016832372291231282],
[0.9814903934213083,0.732414168616775,0.07497958350724769],
[0.938877755455528,0.014752547885792389,0.024150480704271168],
[0.7734337243770628,0.25561961944073064,0.05635610785541725],
[0.8704782780529245,0.020194572300561542,0.0020165289520428582],
[0.7651234970928423,0.5176250969973625,0.03719590081365621],
[0.8468641816642155,0.15048072540772905,0.003534406930057106],
[0.8282043585729947,0.5410449424303428,0.0018218624963772558],
[0.5511122926104036,0.5339749115720397,0.03936381739283924],
[0.7077698818294866,0.059385146320762194,0.004073315059726064],
[0.679255723026969,0.07697756201390149,0.0022808986355400997],
[0.45964085130505117,0.3738717287047024,0.0026070270142046453],
[0.5744320335722504,0.15215852293109455,0.0018425286677047144],
[0.4276744877833819,0.3969547404842413,0.0025360142379956744],
[0.476905511171852,0.42070259960749856,0.01795910259313283],
[0.8971480914084331,0.1271075169127348,0.003123406953357434],
[0.11837288441664529,0.5660762190725356,0.004803804162936675],
[0.49409236519414035,0.638439877805136,0.004312481330147659],
[0.5846265677803163,0.45504634441749003,0.012593475565363537],
[0.06195675646470056,0.9853300638039383,0.007604068257362961],
[0.20458122425602698,0.5077001102118711,0.0051770331919088145],
[0.608567741884252,0.1174336879091562,0.004942989461353322],
[0.6476519199432031,0.2711497303148397,0.008245787655089676],
[0.9625877567127042,0.12004399993306702,0.002861655078767841],
[0.5375908242131046,0.44248512268497187,0.03466931389606376],
[0.4310290736449375,0.41626692915339747,0.004962480111212999],
[0.2836998120204218,0.32449599639769067,0.008049092890347257],
[0.800070660620003,0.055891016942102856,0.003484987882246162],
[0.8089992202684575,0.4769756921501298,0.007571705716624959],
[0.34900826372581584,0.5347093066291407,0.007495850596948702],
[0.4595985238953466,0.07781307231950396,0.007655417456570416],
[0.4689685492134288,0.17837277526575446,0.005167544864636131],
[0.9089501887745428,0.8774467609859213,0.00456095583137116],
[0.03667191325850605,0.9411101647202815,0.0035011276291417163],
[0.7839527322777534,0.7090156666403826,0.018234872069289042],
[0.8087372580221713,0.5229262791000798,0.0019068568891901826],
[0.2607022496245147,0.4673130134095884,0.009838043505082751],
[0.8289922024221669,0.4851150348018316,0.0020537589479535253],
[0.761103763731638,0.6970581121398745,0.03806179651323376],
[0.17918876145729312,0.6298442926942767,0.0353560776996916],
[0.9086459201943389,0.16825572533625022,0.002151130565704568],
[0.8102519923957838,0.015066368431730481,0.02948760173266849],
[0.5939045123979718,0.01362638188329246,0.011460853925190452],
[0.05421126171217627,0.5814764394145522,0.04642955044841548],
[0.6228954907683484,0.627239088779958,0.004866375419620608],
[0.6955078199239226,0.3461816748091787,0.05299770078957304],
[0.5356985126344028,0.07043635790364977,0.0035357172969263458],
[0.9153844482212088,0.8485137871389664,0.0036041465076738486],
[0.17860852429601748,0.48399391215214027,0.006818566444057312],
[0.4922510091267891,0.327674840289899,0.0035089092250973493],
[0.8209023482167248,0.8759644444311161,0.0024993655215366276],
[0.6152014305238636,0.29628310778895983,0.0015397269169827353],
[0.8014573229240091,0.6222388392888394,0.003490806180693125],
[0.8144817407708134,0.6538936030237272,0.0015578790476307226],
[0.5961400381624029,0.5899551664127531,0.007901643811171205],
[0.27518975597658013,0.6693965559514607,0.07663639507808187],
[0.8422007927295938,0.5754506558799861,0.0024220511065789004],
[0.8094602804395215,0.17544060189288513,0.0027300780013169257],
[0.9940130152417148,0.10079392337621706,0.020466376160421202],
[0.6714680196763413,0.08242701737149327,0.003212288567202485],
[0.4384980003705057,0.6678943897315792,0.006375671098608756],
[0.10114047668735304,0.30556946174972854,0.0036694794255811617],
[0.8908346100898396,0.6918736732933878,0.0019363716780158666],
[0.18378414542145882,0.6959624949784188,0.10055142339447236],
[0.9185944205743681,0.812662040617267,0.00250784641348274],
[0.934698462841149,0.06132208978094289,0.005750758176886559],
[0.4109691265061377,0.47781678465348043,0.007847372221395425],
[0.8657300515550531,0.04206469245783573,0.001774049080940524],
[0.7800004495942187,0.11140050841556282,0.00496980627808365],
[0.8502669184154832,0.8407871586292864,0.010200194991951265],
[0.45315921251640434,0.6097472326461116,0.0036782478468334154],
[0.9299429223839253,0.8590563298761769,0.009314911523965966],
[0.8358845720125466,0.16813689725675796,0.0017616053368366591],
[0.5457909766080676,0.967081003933644,0.2683074770828917],
[0.6035536668047639,0.16251988993583433,0.0026840188375863495],
[0.17473464504188063,0.5065263819414726,0.010216640846155207],
[0.6911641819444815,0.5173014326192452,0.0038911351142764546],
[0.9184802163115015,0.09257485377588792,0.004193449430522647],
[0.18334947613286168,0.29396973476304333,0.014021323993241335],
[0.26720007086820097,0.5653158284232412,0.00526540769002401],
[0.29968024634617596,0.35695741234100853,0.0038940356658341596],
[0.676413513133412,0.08808397073782914,0.004599241613703325],
[0.09204583000180633,0.9373929562516026,0.005581989525222498],
[0.861235916437338,0.8253677096388515,0.004918318342259493],
[0.4520816720064911,0.6762838403615278,0.0033168520820026797],
[0.989042567951831,0.8799219802622533,0.05011868131321784],
[0.6371887486576188,0.0031193324480242035,0.0043292866624113045],
[0.4172642648324423,0.38303942286072146,0.0036794715245038966],
[0.7008960075539747,0.5489719147296537,0.009785385389380681],
[0.5489846750748762,0.07474085487621229,0.0052647801747520585],
[0.8871327366636046,0.5917077444865719,0.0037308708275872143],
[0.6135922556239886,0.5392481449201085,0.004908045336609839],
[0.4965854894810271,0.46153549788693393,0.0614738849853923],
[0.6848847281445624,0.014788292425138239,0.013951014741481567],
[0.8013016216594212,0.5788439815260952,0.005583334306177129],
[0.6428605438181113,0.46424103548416384,0.004919757599431833],
[0.5231534638614115,0.34510641080794413,0.003728178988508818],
[0.7588228573874983,0.4270450032066183,0.04392782492950238],
[0.4749357159269184,0.18678451538557483,0.004869505871946293],
[0.4857847513487149,0.061621221282098904,0.003214048024936005],
[0.15573300788264322,0.39021594517961544,0.0054131152413961926],
[0.6249000477604604,0.2451260155305306,0.0032719603322442837],
[0.2972941748418394,0.5319694730231628,0.005632974661027031],
[0.45332245762419077,0.1551495746214251,0.009426397148724897],
[0.42588528019760163,0.2556847462282341,0.05585323627431914],
[0.8938261514081612,0.8109712264736599,0.002534114220488834],
[0.8430384630650675,0.19661462014710818,0.004611652188029943],
[0.5946801962368863,0.3386989530124095,0.00202563487645137],
[0.2680799571411787,0.44473776594808545,0.004332084477693628],
[0.3953713716122672,0.4531978148749106,0.005634888644107801],
[0.8055206768512092,0.5864045296567816,0.004570418578839913],
[0.821616938431551,0.6418447334012817,0.00648705120867806],
[0.10544793721902002,0.5943891308668771,0.002613107348623148],
[0.919793591011858,0.1579141117681344,0.008928332303503135],
[0.9071473997175108,0.7935962565846103,0.014533195917148063],
[0.4401024761838662,0.03087587709132622,0.04896132428207404],
[0.8098255903975138,0.318634547059536,0.08072465189569053],
[0.46918488564601546,0.09099326315418821,0.003355394754524938],
[0.9518446632571462,0.821693989219127,0.005538595540331419],
[0.6489274514687278,0.4531903510984413,0.004258091288267299],
[0.1331604543963255,0.5679088927542078,0.001691542602600746],
[0.9040620191068641,0.8515919891302457,0.0050622209166749955],
[0.3658313447895727,0.6391729671311942,0.003214572456973624],
[0.5042060331198522,0.31170812389328373,0.0030268541006727915],
[0.4115089745719759,0.394360860069514,0.004570453653991438],
[0.7105932088161083,0.543201608283821,0.016424489872719633],
[0.6425690284345994,0.16287325856372492,0.003068188628608422],
[0.6420134610052551,0.5081658219420876,0.005465856656921333],
[0.9789588570776387,0.17006227732270052,0.011242914042493647],
[0.021431728905931258,0.2950485225748839,0.08080385893346326],
[0.9822096412008142,0.010201313855067395,0.056141727987421904],
[0.258140215617202,0.4983737572634992,0.003668747733005269],
[0.8829520854629028,0.855437432946528,0.003168733759391786],
[0.8827407517939018,0.43708069631957425,0.0027086757530317474],
[0.5897826420782394,0.0787351980428791,0.005668343742865857],
[0.6313428949283075,0.5117172512966218,0.00541192058182615],
[0.1504498781812258,0.32658106164636913,0.005980976460073825],
[0.5463086367882861,0.6028112138606991,0.004970841042706823],
[0.3805756219620672,0.49467950163818597,0.008495873655945608],
[0.2468350023950372,0.5583040935324062,0.0017760780044257726],
[0.8447485667591516,0.549123057755533,0.0026690333671011107],
[0.9559495553992343,0.20200754559982204,0.012850020626623236],
[0.9538416997276802,0.12046143006875687,0.006304849764124919],
[0.7646790964248099,0.024246905186292134,0.05095925570145346],
[0.7928401174846414,0.8365490918453043,0.01211862513261289],
[0.9248333611355236,0.8967601734134533,0.004472865441810591],
[0.1348382777754945,0.3642829354166327,0.0018347868769370695],
[0.3868670144641204,0.5317674027417906,0.0068937556385406384],
[0.25497255687909415,0.4415073406225277,0.002395644358767076],
[0.5229142871674802,0.20201859845369763,0.0027964698102372503],
[0.8146610959302711,0.43964607897577346,0.0015696349489047016],
[0.7427288650841789,0.11994685146207551,0.001789208245212586],
[0.8630891813554831,0.09643024936333022,0.004760042026610336],
[0.2019444069709312,0.38906749454406786,0.003555116841101581],
[0.2455491407242678,0.5481146417898939,0.007056358739817147],
[0.25963506848700413,0.3776248396688877,0.00377323751974907],
[0.6270057780768987,0.11222731424239385,0.0018935973916264434],
[0.19907441606436327,0.3582595481198314,0.004985994827755871],
[0.3109938372188511,0.46387518933379523,0.003089766677873569],
[0.3820026431259945,0.3886184172761489,0.004594289170493515],
[0.44281162963434906,0.316906321569288,0.0024954609390134817],
[0.3943656477321421,0.5758724424573741,0.009389085892994933],
[0.5287219865629402,0.016002707219049284,0.0043100206178477585],
[0.41237386172959756,0.5557777107488584,0.003464334436495259],
[0.10919130060557403,0.5185037733640772,0.005456758155670765],
[0.5615756644461587,0.2878483831744414,0.0018471385039737225],
[0.7499243141862226,0.089917341205072,0.013614811890983791],
[0.07628931675512018,0.9814622232457253,0.004474068340340125],
[0.11143716570202422,0.3595522945685393,0.0073823302332684925],
[0.6439318161096977,0.2602072638330001,0.006205106210067214],
[0.8791160886391406,0.5941450639980966,0.0037175387484992615],
[0.42779687143287726,0.6093564267753009,0.004333206903677007],
[0.5275500563612217,0.6926157072310727,0.0027058979808801445],
[0.6612968237773159,0.5978072461599306,0.002875278643523546],
[0.40406484491831274,0.5827105482666494,0.008864808373018807],
[0.8423617831130978,0.6223846580194603,0.004655040378793796],
[0.35223909943515663,0.6043005953813074,0.0030576323073927473],
[0.4026282742125318,0.3373079443541813,0.007568776866771815],
[0.5301021290409889,0.27342183754152616,0.006948253241625469],
[0.8514607579379175,0.4622976315623042,0.0066130470670073965],
[0.27930084139414624,0.4814644087272868,0.006820951956325009],
[0.2003601424837026,0.44595150754607127,0.00795968015025914],
[0.31574455973947513,0.31853879228841886,0.005113867977002445],
[0.9960701524051638,0.29347094138507157,0.110622846699597],
[0.695750694806442,0.054833867195952735,0.0037967453648945003],
[0.6146415901272251,0.06838111846215056,0.00625488375980778],
[0.9838943197708947,0.9834166603802988,0.10144711909916589],
[0.5774636606222241,0.17773187831970938,0.0028092413836267476],
[0.6203788748861564,0.5190558910774076,0.005120152174049892],
[0.3380842655256945,0.3775769045292633,0.0020406358960852067],
[0.9213596738004697,0.786815440079262,0.01611521882466176],
[0.12258391542300395,0.5914488978259695,0.0032369538014159357],
[0.8775451631461293,0.032668893144763955,0.002484622199719379],
[0.3915497443755841,0.5537122316941067,0.002401472707869399],
[0.5391981721369654,0.6014761830398008,0.006889433286595133],
[0.8117855868145124,0.3994770290052314,0.005982915996384961],
[0.6096540405134695,0.13410989542578178,0.002343738075797584],
[0.961121735791231,0.07645960626131476,0.008278707027656703],
[0.8691205783638215,0.05244824906217693,0.009529727373008223],
[0.21331449829270632,0.4636681797664679,0.007956008577833648],
[0.8547201985673317,0.5360093073369538,0.0016665113123942865],
[0.8128329851702765,0.6685156667234677,0.008254046051872601],
[0.8804738777016976,0.08741622035172003,0.003456073471867937],
[0.823969980000051,0.479457375446367,0.002623352356799126],
[0.3304966066823747,0.5265044475013836,0.005690439805556337],
[0.8062702960527462,0.5406508134672451,0.007904182538138016],
[0.5504822097423163,0.12600027247133738,0.002637932355675518],
[0.3192388864544644,0.4412418281214495,0.003587994293147607],
[0.7297143953342942,0.47243705768834166,0.03976499490880368],
[0.35735443607910733,0.4061297218612294,0.0054774915473282185],
[0.5093275754167732,0.10244470245847648,0.0034478073715707475],
[0.611208343764251,0.40381779666789186,0.001834650157518023],
[0.6641288971632452,0.26780186898704417,0.006214290456045364],
[0.1537125280794499,0.503441955634716,0.0026197592994194776],
[0.5401256255435165,0.23315671762349732,0.004728472823414763],
[0.8920293908121762,0.7300575236493498,0.03443099728782712],
[0.6864033199960261,0.2562034154176249,0.0067372150310637],
[0.8024302335864747,0.5987879954661415,0.0034946729291956],
[0.3303986230175029,0.462927700367773,0.002860935782314456],
[0.8670954317141473,0.48924240210728076,0.0017463208791305058],
[0.9441287706006899,0.14278090668595622,0.00524762672127161],
[0.8246452922604737,0.13322386519942708,0.005256238720546867],
[0.13247763130948464,0.48907179094161257,0.003927067861639162],
[0.8685813209409758,0.16799582870851348,0.006279999550198596],
[0.5099743963452005,0.6376067924624067,0.001983256526090227],
[0.7097506756858395,0.16727454206900394,0.0031209042147463052],
[0.8755455223682637,0.8727186308284565,0.0037558533726865253],
[0.8192376969890904,0.519960013964953,0.006105463420530291],
[0.08597467685961457,0.9967114601816227,0.009634200511676634],
[0.35974921792601544,0.6260543196392058,0.0042636267313891744],
[0.15369378084401275,0.5258899634250137,0.005826553214328968],
[0.32300853753002723,0.5504313479514226,0.00216822121938445],
[0.7996616590995422,0.15536818023204546,0.004606911421899397],
[0.430277026528334,0.36750987495873,0.004688001319101815],
[0.49868027498546474,0.12270745110076708,0.002628646626571332],
[0.454471457017919,0.6490699899970266,0.0035084767423239527],
[0.29217324345388185,0.3538289223518799,0.0024146521994953657],
[0.7511775771648161,0.7801257786685563,0.05636039313383283],
[0.011778226524394753,0.9382840529332298,0.002930599120624285],
[0.11553751148875802,0.37794166261271067,0.004583832891453228],
[0.9627178826464717,0.10497830286509957,0.005630891305728435],
[0.20489874214726278,0.4956902010640143,0.003916508200545931],
[0.8631438092456379,0.8667633994316056,0.004214648785501355],
[0.25676639517657773,0.5504629532189331,0.0032326713112484757],
[0.8311567807975772,0.8134374170297662,0.003333683505244276],
[0.8898431885631697,0.6744660180257239,0.004198861550801628],
[0.48774947498306664,0.15465355882018017,0.004601309563460542],
[0.5671052015977989,0.6948537943299931,0.00508562338094181],
[0.8756158069688932,0.5043827179642011,0.003226048048531107],
[0.6457438859705896,0.43521568172674974,0.0031293639760798446],
[0.8803886523541882,0.22691645347382994,0.015969833467043837],
[0.9530670193985953,0.1347294024338741,0.0023690009221184936],
[0.8929023458495181,0.5615375679429313,0.00975825887904848],
[0.6171268254703526,0.6271303205445247,0.007214927181386265],
[0.9265090801117903,0.104590672240789,0.002258838270869793],
[0.20157580985843826,0.524138253830667,0.006711976010253452],
[0.8652385128706859,0.156349857813619,0.0030221862935047986],
[0.7876188736385801,0.46661904492302986,0.01986911337142184],
[0.8168802491258367,0.13639931144226403,0.001998265631198943],
[0.8110158205099637,0.16004042933829798,0.0036599822515938686],
[0.6381848020229703,0.25737239020580704,0.003983824283485555],
[0.43797899218434944,0.6179765547172686,0.003935491091236427],
[0.6867294007443694,0.4968969872930563,0.0031845178776174986],
[0.8423939443500497,0.18116208898777209,0.0033323118014266166],
[0.8521756079849913,0.2239383400773971,0.00986083834534668],
[0.18175010080315857,0.5360818996185048,0.0018784925214960007],
[0.43673016416291255,0.3653250504303376,0.006125116350963536],
[0.31487184431598625,0.6001709621665798,0.005844816683072891],
[0.9456954723738911,0.1050875478583011,0.0062883741663869955],
[0.37740759950140756,0.6213541405262931,0.0017116537755968169],
[0.4582332526981161,0.587659073655486,0.00627355958867307],
[0.9360112439005257,0.8739264428872386,0.003045340174114617],
[0.36075383217766543,0.3532109934943368,0.005424546000370187],
[0.7706020291950958,0.09363627821056741,0.013039651666084442],
[0.6680266396617036,0.6054407219373266,0.002611031449459997],
[0.539143322857517,0.00023606268870968172,0.011034509753840236],
[0.659886879254439,0.1354775589936782,0.0030281101981057567],
[0.37936305082704314,0.4266124602652631,0.007368438391921391],
[0.3212374838368388,0.5671736738670368,0.008197599780911476],
[0.8574793391892488,0.6883147122716714,0.005417744048509011],
[0.8906715303248564,0.10917373167455446,0.003328119324970851],
[0.32952328523541974,0.43975403597955476,0.002389142814345204],
[0.9112895645954099,0.17306688099870726,0.004702446043997865],
[0.45875716485410645,0.3313332852737527,0.007972302553378491],
[0.521541245165322,0.5659515460656497,0.0334542462747546],
[0.2396311867918649,0.40238300021119433,0.004223679484898333],
[0.783129270782867,0.5566826009994515,0.017255533763979775],
[0.727711225572468,0.21642211081576201,0.0021001655808408036],
[0.9079101503377731,0.8669456523103037,0.007146813161503368],
[0.5469716179351215,0.651767763630748,0.002482098772324573],
[0.29443594344626567,0.5554692551907905,0.0036455458282133387],
[0.5888704438276211,0.673373912450864,0.0025268534566390308],
[0.6318938263894514,0.2046546328397746,0.004689270519146438],
[0.10855128570831951,0.4620185379900419,0.005277881145455975],
[0.4853193070376408,0.12540479989167574,0.008713875195720339],
[0.48458194689230516,0.25131475472156695,0.011805131465884328],
[0.42329474956175817,0.396707098257823,0.0019072325349864497],
[0.3721753405195847,0.5976634055116249,0.0053040640041698405],
[0.15103053646550335,0.5184777641379624,0.005084720000794357],
[0.9076460983013216,0.15623781135845116,0.005737605347580768],
[0.6994663895435362,0.12479463487940345,0.004966814008959337],
[0.6857871354425765,0.062399956145466895,0.0022105780080396457],
[0.628613085670372,0.3552757535249773,0.00549631055892945],
[0.21620834543296374,0.2686607536456037,0.0314802138670878],
[0.563342694365352,0.27505006864233505,0.006150436357958224],
[0.49708066196946643,0.6201061775544857,0.0038912262633215996],
[0.3684627574475803,0.6484559573106837,0.002143273852674171],
[0.0018016597446079974,0.906403805448602,0.016182060908026555],
[0.9355448171531947,0.10517922373629118,0.003981962597670292],
[0.9318140582573392,0.813668517340315,0.0072714272601041505],
[0.29801886965734714,0.42301569239914094,0.002877395866601584],
[0.8416184529560377,0.13184010848172834,0.006914204496032153],
[0.5816554646574774,0.029815036690167274,0.004984079054067631],
[0.23729328191094257,0.30160248810416823,0.006425243039247722],
[0.6505706568936503,0.2198509833062643,0.007152641882563204],
[0.595369232121441,0.6428014585680472,0.007709792982653063],
[0.9392365371431757,0.07279994482685881,0.0035999229585893847],
[0.8962985476942306,0.5102420834353825,0.011714809410816205],
[0.6807612863526121,0.5633106942168686,0.001886413135219717],
[0.6197802603462665,0.11572080277355912,0.002917625784303083],
[0.4821176507487237,0.3091955821416321,0.0052308805763655805],
[0.346642077084095,0.3713320711583261,0.008093893892081979],
[0.6094726315692425,0.3577488518673365,0.0021564785494190483],
[0.45849649024342687,0.18256895575830845,0.004129483179649635],
[0.7787589241668208,0.16175516118265965,0.008960452334680027],
[0.877444604530167,0.43370833112647245,0.004832839919651185],
[0.43698426822863723,0.5901803705173427,0.010204630055726594],
[0.6340166659333626,0.1573609737502355,0.0015938775994421427],
[0.5257700205174574,0.38212827798395566,0.007237483551721859],
[0.6434992824833897,0.4472870287631576,0.0026106219222058196],
[0.4174068218001544,0.3211930393995277,0.007941816222068541],
[0.9439295770000111,0.8278570308392283,0.0018561021799638655],
[0.6810094895739729,0.1259338950836031,0.004856693870526535],
[0.9042444266613305,0.12573150478816675,0.004417445014426549],
[0.9115455468628304,0.8910563281967137,0.0052374248361424115],
[0.6611691321572764,0.5719989930476006,0.005424669210926247],
[0.9110160748178846,0.46937632972917365,0.0196939142680137],
[0.4519661410704684,0.3713886529299709,0.007675201078166169],
[0.9274784708353299,0.11328968080286295,0.002999920688703014],
[0.23956011271944588,0.294816511072,0.0127678667643059],
[0.4227185090965616,0.6815570864189227,0.007378721673184499],
[0.815023240014307,0.8696811069105618,0.0022826700187936915],
[0.6607520782646379,0.1501627009945743,0.00734797834069814],
[0.26013900867914386,0.4463362244146396,0.0033365156453659547]
