Self
dimension = 2
number of points = 3000
[0.4747,0.38558],[0.71457,0.22958],[0.39594,0.40422],[0.08052,0.95703],
[0.47904,0.35423],[0.56814,0.26142],[0.82105,0.58927],[0.19611,0.58383],
[0.13989,0.32735],[0.95526,0.06323],[0.55417,0.22138],[0.70915,0.2335],
[0.88465,0.43333],[0.64927,0.01948],[0.16177,0.5795],[0.53306,0.20759],
[0.25443,0.37847],[0.83069,0.43304],[0.86894,0.04142],[0.62493,0.20203],
[0.61685,0.07656],[0.12591,0.39842],[0.47092,0.67768],[0.6708,0.49483],
[0.7482,0.16831],[0.88175,0.61064],[0.47211,0.59784],[0.48855,0.33105],
[0.91533,0.88173],[0.47124,0.40191],[0.14039,0.51694],[0.81273,0.82625],
[0.23338,0.52973],[0.17248,0.54759],[0.89328,0.07325],[0.84963,0.52344],
[0.65143,0.19853],[0.373,0.38432],[0.85091,0.80598],[0.68021,0.20563],
[0.61429,0.34747],[0.19021,0.47671],[0.54164,0.39459],[0.07039,0.98876],
[0.29383,0.34775],[0.23911,0.32357],[0.57423,0.24701],[0.82841,0.41179],
[0.00643,0.96555],[0.33339,0.33133],[0.10461,0.43198],[0.26474,0.41462],
[0.88549,0.88384],[0.58426,0.42825],[0.1283,0.43064],[0.62722,0.5447],
[0.58516,0.23122],[0.87575,0.52272],[0.29205,0.51255],[0.55114,0.22989],
[0.58677,0.66608],[0.55507,0.0231],[0.56714,0.10587],[0.20582,0.41117],
[0.21389,0.51937],[0.5894,0.22116],[0.62008,0.42024],[0.15144,0.41315],
[0.60769,0.16189],[0.18117,0.52111],[0.23072,0.4842],[0.48442,0.05637],
[0.60832,0.37082],[0.19106,0.5567],[0.49659,0.22028],[0.51628,0.66249],
[0.48548,0.10669],[0.43583,0.35178],[0.83068,0.53883],[0.28782,0.52197],
[0.93932,0.86606],[0.25988,0.58034],[0.55373,0.22765],[0.53698,0.67107],
[0.8159,0.58202],[0.7919,0.11196],[0.65552,0.13428],[0.57213,0.58191],
[0.18766,0.37936],[0.61714,0.23875],[0.34246,0.48921],[0.84093,0.46656],
[0.54396,0.04869],[0.8913,0.07745],[0.24831,0.43384],[0.12014,0.31091],
[0.89329,0.65662],[0.57153,0.39527],[0.88119,0.42068],[0.91355,0.8735],
[0.11803,0.48455],[0.36621,0.50007],[0.66099,0.02882],[0.86166,0.4775],
[0.58284,0.03619],[0.59199,0.34182],[0.6047,0.23131],[0.89589,0.11172],
[0.65007,0.58233],[0.10978,0.42958],[0.47331,0.11667],[0.35509,0.31763],
[0.38852,0.31945],[0.87842,0.14125],[0.16095,0.37765],[0.53135,0.61231],
[0.48032,0.07619],[0.64654,0.20694],[0.64724,0.04306],[0.06685,0.92631],
[0.19303,0.328],[0.87832,0.14641],[0.59687,0.56939],[0.81578,0.1445],
[0.56588,0.04052],[0.67727,0.41788],[0.41202,0.64654],[0.65613,0.47252],
[0.16761,0.36915],[0.88405,0.49631],[0.19678,0.30175],[0.10896,0.54772],
[0.68271,0.03214],[0.27317,0.4757],[0.46825,0.40306],[0.6323,0.15294],
[0.87752,0.66785],[0.65119,0.04731],[0.85341,0.44],[0.55219,0.21033],
[0.52684,0.3908],[0.44951,0.68758],[0.80613,0.1617],[0.70528,0.09376],
[0.11944,0.46154],[0.88107,0.85971],[0.93584,0.16708],[0.44421,0.39348],
[0.13977,0.57103],[0.47582,0.21349],[0.88828,0.20843],[0.90385,0.1624],
[0.64403,0.38049],[0.6417,0.42646],[0.47258,0.20744],[0.63439,0.56753],
[0.58601,0.41755],[0.40745,0.34779],[0.2563,0.32051],[0.58228,0.17323],
[0.15098,0.54769],[0.49125,0.18297],[0.18314,0.3928],[0.83437,0.42604],
[0.69622,0.17503],[0.1281,0.461],[0.41512,0.42251],[0.53253,0.23206],
[0.64746,0.19769],[0.65528,0.17387],[0.15248,0.57839],[0.12146,0.44119],
[0.8023,0.07187],[0.86259,0.20978],[0.24564,0.53453],[0.52857,0.28173],
[0.5206,0.14971],[0.22984,0.39967],[0.11586,0.59234],[0.55055,0.18937],
[0.39392,0.54384],[0.58968,0.43958],[0.89518,0.5464],[0.504,0.3578],
[0.6238,0.55174],[0.4774,0.09846],[0.65905,0.58847],[0.36958,0.45579],
[0.48968,0.17204],[0.87416,0.89435],[0.80245,0.14594],[0.55275,0.13478],
[0.92061,0.20304],[0.90506,0.04073],[0.12749,0.55219],[0.65535,0.54509],
[0.86177,0.55095],[0.32783,0.47134],[0.45046,0.58759],[0.2402,0.53352],
[0.43124,0.63064],[0.21164,0.56094],[0.65268,0.23043],[0.14143,0.34508],
[0.83849,0.4271],[0.62204,0.2063],[0.74209,0.19559],[0.8074,0.67962],
[0.60662,0.06847],[0.65973,0.1297],[0.34166,0.30405],[0.60671,0.57863],
[0.68898,0.55054],[0.52852,0.65937],[0.87236,0.56086],[0.46194,0.16626],
[0.55524,0.20444],[0.61593,0.64137],[0.18623,0.50426],[0.45536,0.34504],
[0.32616,0.44359],[0.63744,0.1802],[0.8382,0.12307],[0.66948,0.14356],
[0.53079,0.59966],[0.86832,0.69179],[0.89484,0.48307],[0.66324,0.12537],
[0.58762,0.58549],[0.88378,0.46942],[0.64602,0.44404],[0.62637,0.08319],
[0.33985,0.5861],[0.36636,0.44157],[0.32006,0.49157],[0.66278,0.60825],
[0.3251,0.49909],[0.84157,0.08895],[0.6253,0.38145],[0.45775,0.62338],
[0.53639,0.34427],[0.93035,0.84278],[0.93317,0.82659],[0.58385,0.33105],
[0.58452,0.11299],[0.42028,0.61628],[0.11069,0.33302],[0.91523,0.81484],
[0.55901,0.41334],[0.29364,0.31676],[0.54572,0.14348],[0.86906,0.0754],
[0.86278,0.15128],[0.02506,0.94189],[0.21614,0.47596],[0.28754,0.31139],
[0.10802,0.39913],[0.38397,0.33563],[0.14507,0.54392],[0.50249,0.61965],
[0.59963,0.38924],[0.38518,0.45643],[0.47362,0.34614],[0.46452,0.09234],
[0.2646,0.55907],[0.15029,0.36512],[0.28548,0.50195],[0.33704,0.49626],
[0.46508,0.09649],[0.84395,0.42744],[0.28725,0.45786],[0.92827,0.07095],
[0.3242,0.41382],[0.82102,0.50462],[0.37867,0.46469],[0.15129,0.34182],
[0.51303,0.22912],[0.3324,0.53746],[0.2193,0.56019],[0.86408,0.48804],
[0.66475,0.17761],[0.37128,0.35654],[0.5195,0.14028],[0.14173,0.3578],
[0.37292,0.58664],[0.48213,0.19997],[0.42477,0.58579],[0.32179,0.34318],
[0.67665,0.45639],[0.81549,0.53168],[0.87669,0.62197],[0.28836,0.4762],
[0.46232,0.34011],[0.61868,0.08267],[0.65563,0.24204],[0.3251,0.43834],
[0.88812,0.86464],[0.51323,0.08142],[0.35928,0.54203],[0.29069,0.57222],
[0.86421,0.55191],[0.19399,0.55019],[0.12245,0.55044],[0.12179,0.58204],
[0.22191,0.44075],[0.28715,0.43912],[0.61165,0.03159],[0.61062,0.64235],
[0.63174,0.45618],[0.50539,0.37162],[0.69491,0.08662],[0.94579,0.12273],
[0.87203,0.4261],[0.51513,0.25393],[0.48746,0.17732],[0.89596,0.65106],
[0.52308,0.37083],[0.56274,0.64451],[0.03435,0.96721],[0.74373,0.12308],
[0.29251,0.58028],[0.11949,0.57416],[0.63151,0.09056],[0.12755,0.45994],
[0.25742,0.51268],[0.58845,0.35916],[0.11093,0.58452],[0.84633,0.06121],
[0.90551,0.05352],[0.17283,0.47801],[0.87313,0.10206],[0.38787,0.64786],
[0.63879,0.49453],[0.79744,0.12162],[0.26539,0.51982],[0.5453,0.12091],
[0.3789,0.55679],[0.6469,0.60704],[0.12987,0.46285],[0.88366,0.08362],
[0.71311,0.21792],[0.79541,0.16188],[0.66843,0.15456],[0.61147,0.40885],
[0.3162,0.42367],[0.9109,0.13884],[0.24983,0.59549],[0.82415,0.63427],
[0.24054,0.3243],[0.15494,0.42999],[0.49732,0.32085],[0.53086,0.60055],
[0.83759,0.41765],[0.67009,0.0754],[0.51083,0.0924],[0.52703,0.15467],
[0.61089,0.15233],[0.62896,0.60168],[0.15883,0.34674],[0.85514,0.41528],
[0.52523,0.64324],[0.84812,0.03766],[0.36501,0.31675],[0.55105,0.17174],
[0.32467,0.33641],[0.93785,0.19081],[0.24209,0.51595],[0.37965,0.47347],
[0.48029,0.13785],[0.19169,0.45349],[0.40805,0.32424],[0.08691,0.94725],
[0.57104,0.66842],[0.5863,0.10956],[0.47964,0.15726],[0.67641,0.4275],
[0.73883,0.11433],[0.31482,0.42818],[0.67628,0.07931],[0.58466,0.41345],
[0.27333,0.3299],[0.86109,0.4025],[0.88538,0.6806],[0.60323,0.26355],
[0.60481,0.1122],[0.14216,0.30629],[0.20254,0.38072],[0.2727,0.37069],
[0.57218,0.13553],[0.55338,0.68217],[0.5449,0.17175],[0.65983,0.11931],
[0.61429,0.1741],[0.63134,0.15361],[0.16101,0.33477],[0.84621,0.65721],
[0.12745,0.44068],[0.62837,0.10912],[0.87734,0.51402],[0.66112,0.4795],
[0.83081,0.52979],[0.54462,0.26718],[0.97499,0.08981],[0.83224,0.84401],
[0.52572,0.6619],[0.84661,0.59314],[0.50817,0.24991],[0.9233,0.87339],
[0.35929,0.63255],[0.14063,0.33802],[0.34821,0.52159],[0.18065,0.5201],
[0.19394,0.45752],[0.82814,0.5377],[0.59676,0.61252],[0.80687,0.43602],
[0.61536,0.08206],[0.07027,0.96018],[0.69205,0.07097],[0.89465,0.08645],
[0.4224,0.42358],[0.13674,0.35814],[0.23123,0.57577],[0.4764,0.36705],
[0.57437,0.62019],[0.21064,0.37983],[0.47825,0.40129],[0.89089,0.20509],
[0.60873,0.40127],[0.34181,0.50065],[0.51151,0.34319],[0.25687,0.35785],
[0.39764,0.36482],[0.46884,0.20925],[0.63029,0.644],[0.85687,0.19363],
[0.4065,0.67368],[0.19216,0.39947],[0.88492,0.82603],[0.9328,0.88429],
[0.72407,0.1991],[0.41629,0.59498],[0.87522,0.12053],[0.32725,0.51118],
[0.82622,0.19047],[0.53378,0.14445],[0.30993,0.45195],[0.06585,0.93846],
[0.11541,0.40049],[0.89153,0.48673],[0.32217,0.44814],[0.89816,0.64608],
[0.58191,0.56799],[0.58713,0.28874],[0.83778,0.1935],[0.88612,0.20376],
[0.01683,0.91983],[0.88517,0.09392],[0.86756,0.61902],[0.85724,0.07842],
[0.20192,0.56757],[0.429,0.34936],[0.3973,0.46268],[0.61529,0.51157],
[0.8335,0.065],[0.64044,0.50138],[0.2408,0.34212],[0.83132,0.12915],
[0.89273,0.12847],[0.32754,0.55207],[0.41153,0.45247],[0.85116,0.2093],
[0.49066,0.31692],[0.70577,0.20488],[0.62428,0.45175],[0.80123,0.55177],
[0.80687,0.61895],[0.1762,0.37035],[0.86308,0.11195],[0.82682,0.83482],
[0.32038,0.48401],[0.42249,0.5688],[0.51877,0.69863],[0.36815,0.51809],
[0.32593,0.51995],[0.64822,0.11621],[0.33426,0.46633],[0.40156,0.54019],
[0.14067,0.46959],[0.14211,0.47293],[0.6724,0.58015],[0.70777,0.19067],
[0.61387,0.3388],[0.6069,0.41718],[0.81219,0.84034],[0.84902,0.69953],
[0.8413,0.11039],[0.74333,0.13989],[0.20377,0.33076],[0.4825,0.05824],
[0.63668,0.17309],[0.84478,0.10157],[0.61814,0.02207],[0.11599,0.53746],
[0.83295,0.86908],[0.87461,0.64407],[0.56414,0.64718],[0.92168,0.13159],
[0.93554,0.16065],[0.69279,0.54112],[0.52641,0.61181],[0.13603,0.32503],
[0.6352,0.56215],[0.64315,0.11872],[0.67789,0.52578],[0.51556,0.35869],
[0.90176,0.88029],[0.23966,0.35399],[0.28918,0.38067],[0.28922,0.39519],
[0.37139,0.43776],[0.16945,0.4273],[0.54505,0.64828],[0.90375,0.09694],
[0.68933,0.44758],[0.82588,0.69123],[0.80907,0.8026],[0.35128,0.46719],
[0.56157,0.21649],[0.23526,0.5895],[0.54223,0.06942],[0.61963,0.44364],
[0.48807,0.68075],[0.91006,0.04189],[0.33669,0.40309],[0.84067,0.55565],
[0.62024,0.41602],[0.16634,0.43178],[0.38197,0.63994],[0.58104,0.04831],
[0.42297,0.61309],[0.90261,0.04287],[0.31157,0.56641],[0.8707,0.60169],
[0.92276,0.10432],[0.70491,0.06571],[0.82092,0.49072],[0.63602,0.04038],
[0.10806,0.46935],[0.39164,0.36956],[0.81132,0.86891],[0.84562,0.12149],
[0.08347,0.9711],[0.49544,0.08101],[0.18309,0.58629],[0.55773,0.17286],
[0.35465,0.42119],[0.64326,0.19342],[0.85498,0.14688],[0.87919,0.16053],
[0.16568,0.4545],[0.87035,0.12624],[0.52883,0.20366],[0.29231,0.40882],
[0.86011,0.63816],[0.83551,0.89035],[0.27403,0.38336],[0.56002,0.21472],
[0.18315,0.39687],[0.61834,0.25199],[0.71785,0.17092],[0.41893,0.58832],
[0.31047,0.35244],[0.95564,0.06667],[0.40233,0.38006],[0.73266,0.17793],
[0.8231,0.68286],[0.88165,0.82683],[0.48892,0.13583],[0.51823,0.03045],
[0.58661,0.17648],[0.81756,0.42528],[0.55897,0.22021],[0.60964,0.44749],
[0.45623,0.13055],[0.53297,0.18846],[0.73458,0.08653],[0.629,0.16988],
[0.62079,0.61069],[0.86301,0.48619],[0.26174,0.57086],[0.61654,0.17191],
[0.60751,0.22591],[0.15351,0.38367],[0.13872,0.4151],[0.2057,0.40878],
[0.13817,0.36414],[0.6281,0.18081],[0.35718,0.57702],[0.04662,0.98365],
[0.44122,0.35661],[0.47472,0.37779],[0.53234,0.3633],[0.86168,0.64364],
[0.62286,0.01762],[0.18787,0.36556],[0.35142,0.42128],[0.9236,0.19772],
[0.84694,0.16648],[0.85448,0.56483],[0.52862,0.06726],[0.72987,0.1361],
[0.18714,0.3139],[0.17794,0.37883],[0.72567,0.07375],[0.86361,0.68511],
[0.66694,0.1429],[0.14304,0.32761],[0.85054,0.15725],[0.48319,0.18786],
[0.67256,0.19456],[0.16571,0.33028],[0.67629,0.05077],[0.50487,0.6482],
[0.12871,0.37056],[0.67758,0.56215],[0.59486,0.34222],[0.46723,0.60285],
[0.6332,0.02565],[0.31841,0.46784],[0.88646,0.60446],[0.86579,0.52093],
[0.81777,0.57116],[0.46245,0.13806],[0.19588,0.34815],[0.28639,0.57319],
[0.58079,0.17121],[0.64558,0.4833],[0.12781,0.433],[0.2116,0.43373],
[0.69312,0.09855],[0.40255,0.44864],[0.22327,0.39154],[0.335,0.60947],
[0.95524,0.12814],[0.80314,0.50489],[0.4399,0.33302],[0.37005,0.61022],
[0.63583,0.17515],[0.46385,0.1741],[0.23579,0.4826],[0.42313,0.59932],
[0.1503,0.50575],[0.81361,0.17462],[0.87917,0.11078],[0.40653,0.32429],
[0.11943,0.50001],[0.12183,0.49114],[0.57556,0.58936],[0.89588,0.04345],
[0.8759,0.65859],[0.60301,0.45824],[0.38965,0.47555],[0.66284,0.25971],
[0.65031,0.45878],[0.64525,0.5978],[0.81805,0.69969],[0.61888,0.58917],
[0.71202,0.22327],[0.13048,0.3774],[0.8088,0.51952],[0.83044,0.03869],
[0.51879,0.22611],[0.10036,0.59442],[0.80419,0.80331],[0.38977,0.59602],
[0.63917,0.26635],[0.88689,0.67934],[0.61291,0.40095],[0.2629,0.35716],
[0.27998,0.47129],[0.80064,0.69848],[0.53456,0.68663],[0.14125,0.3961],
[0.25872,0.50995],[0.2379,0.44795],[0.88395,0.47311],[0.66921,0.19751],
[0.39049,0.66381],[0.82213,0.40343],[0.47221,0.66163],[0.8044,0.40068],
[0.53517,0.14634],[0.32972,0.49086],[0.49305,0.06176],[0.385,0.63446],
[0.64331,0.14439],[0.37788,0.33992],[0.39277,0.5258],[0.1619,0.44174],
[0.63243,0.18879],[0.84731,0.52275],[0.31596,0.30341],[0.91075,0.84622],
[0.84637,0.08527],[0.55332,0.2329],[0.10878,0.5328],[0.0235,0.9903],
[0.79612,0.07138],[0.57716,0.12855],[0.56501,0.2547],[0.22958,0.57944],
[0.48721,0.13602],[0.42264,0.38014],[0.81761,0.88181],[0.186,0.35509],
[0.0506,0.99012],[0.51149,0.33475],[0.23206,0.40594],[0.45017,0.62304],
[0.4923,0.07968],[0.58702,0.26771],[0.87052,0.44627],[0.8172,0.06712],
[0.62243,0.41258],[0.56449,0.41796],[0.95132,0.1468],[0.82488,0.54093],
[0.48627,0.21547],[0.25974,0.36045],[0.61554,0.11696],[0.85235,0.02406],
[0.11,0.43214],[0.57765,0.6722],[0.6151,0.08801],[0.64113,0.02481],
[0.85914,0.50735],[0.60843,0.08483],[0.83649,0.87923],[0.25906,0.51129],
[0.33136,0.59796],[0.58555,0.67697],[0.02852,0.96889],[0.1643,0.41904],
[0.62817,0.43254],[0.62983,0.60834],[0.14148,0.55678],[0.93149,0.10149],
[0.57368,0.38546],[0.83487,0.56549],[0.24883,0.56437],[0.33335,0.43906],
[0.80614,0.69682],[0.10043,0.46114],[0.8185,0.1395],[0.8113,0.18913],
[0.36145,0.55637],[0.18352,0.38248],[0.67904,0.11989],[0.58035,0.57931],
[0.46657,0.67544],[0.22316,0.3009],[0.66268,0.03787],[0.39376,0.33079],
[0.53229,0.24893],[0.63456,0.01135],[0.13366,0.41044],[0.28302,0.55668],
[0.44301,0.361],[0.59629,0.26045],[0.18104,0.42479],[0.6207,0.02597],
[0.46572,0.62693],[0.67523,0.11117],[0.0734,0.94155],[0.22393,0.3638],
[0.61454,0.29925],[0.59221,0.41096],[0.14636,0.36255],[0.50975,0.19727],
[0.14939,0.49578],[0.68313,0.56693],[0.57142,0.10171],[0.59071,0.61348],
[0.60408,0.08872],[0.27429,0.5023],[0.87051,0.56703],[0.3464,0.46015],
[0.179,0.53104],[0.53991,0.69595],[0.02917,0.94664],[0.54706,0.34069],
[0.49632,0.11932],[0.51986,0.33822],[0.37561,0.64405],[0.56089,0.38003],
[0.89729,0.07665],[0.8038,0.5164],[0.91434,0.14133],[0.84929,0.03486],
[0.26144,0.40377],[0.85114,0.18694],[0.42512,0.39383],[0.66774,0.02895],
[0.21603,0.52035],[0.11536,0.45273],[0.37419,0.40518],[0.60567,0.05489],
[0.62184,0.11137],[0.14181,0.54175],[0.5379,0.14037],[0.44845,0.36055],
[0.25462,0.45582],[0.48761,0.23639],[0.88173,0.4212],[0.58713,0.58727],
[0.82284,0.55776],[0.8479,0.85402],[0.56066,0.12552],[0.91204,0.16691],
[0.16052,0.3471],[0.54204,0.35353],[0.56735,0.64216],[0.53906,0.11435],
[0.83905,0.43537],[0.4186,0.63942],[0.42307,0.33906],[0.5706,0.06095],
[0.38594,0.36528],[0.68218,0.43159],[0.28907,0.37831],[0.82975,0.53524],
[0.84143,0.55369],[0.53508,0.10843],[0.37227,0.59086],[0.13584,0.5961],
[0.94033,0.85549],[0.54217,0.31064],[0.05496,0.95133],[0.86037,0.07639],
[0.44696,0.63251],[0.87959,0.65083],[0.83722,0.83347],[0.86287,0.46249],
[0.26604,0.36839],[0.22489,0.39992],[0.86371,0.42305],[0.34268,0.57627],
[0.46409,0.19636],[0.42996,0.36133],[0.54157,0.21477],[0.79473,0.15897],
[0.6283,0.65144],[0.7887,0.1585],[0.57184,0.3212],[0.40017,0.64817],
[0.30819,0.48172],[0.52903,0.23865],[0.87539,0.09415],[0.63265,0.62058],
[0.11375,0.38668],[0.03015,0.91149],[0.9389,0.1909],[0.65558,0.38503],
[0.62525,0.36982],[0.42533,0.33647],[0.62012,0.19231],[0.88315,0.43096],
[0.88691,0.83243],[0.40551,0.53761],[0.83285,0.80891],[0.84738,0.0553],
[0.36962,0.30365],[0.1605,0.35537],[0.21888,0.30254],[0.63683,0.50009],
[0.57055,0.00659],[0.15305,0.53683],[0.66666,0.17263],[0.11604,0.371],
[0.48589,0.65185],[0.35098,0.4849],[0.82272,0.42895],[0.57308,0.26249],
[0.11097,0.33182],[0.95716,0.17603],[0.64561,0.49797],[0.66385,0.11513],
[0.55123,0.37101],[0.83867,0.16644],[0.62122,0.18133],[0.31094,0.44265],
[0.64743,0.54803],[0.88588,0.54367],[0.39837,0.43867],[0.65078,0.05596],
[0.82404,0.43971],[0.6255,0.61106],[0.72966,0.15522],[0.54684,0.05158],
[0.55129,0.03908],[0.67024,0.19581],[0.5605,0.37634],[0.60109,0.03002],
[0.65152,0.41402],[0.22172,0.32349],[0.6273,0.12211],[0.64701,0.0203],
[0.37631,0.54897],[0.56443,0.22671],[0.02361,0.97157],[0.67159,0.44998],
[0.19035,0.30831],[0.90646,0.14509],[0.55318,0.23999],[0.30471,0.57345],
[0.02897,0.93491],[0.63435,0.60626],[0.31044,0.35169],[0.54291,0.08364],
[0.46632,0.20839],[0.531,0.09388],[0.84434,0.0279],[0.16912,0.54077],
[0.11099,0.31847],[0.05296,0.9425],[0.57908,0.36768],[0.34328,0.61962],
[0.85843,0.62803],[0.57452,0.14497],[0.94389,0.19423],[0.16199,0.46155],
[0.21081,0.38822],[0.2558,0.5934],[0.2042,0.31851],[0.66612,0.12412],
[0.61405,0.40589],[0.1411,0.39052],[0.40349,0.47221],[0.17696,0.53429],
[0.31433,0.33939],[0.4583,0.11111],[0.32713,0.45517],[0.60671,0.54937],
[0.1552,0.30803],[0.96705,0.09643],[0.30814,0.33994],[0.51641,0.66537],
[0.83755,0.87574],[0.81651,0.08528],[0.31233,0.59328],[0.12817,0.32873],
[0.80517,0.61037],[0.588,0.64855],[0.23903,0.45738],[0.25038,0.34849],
[0.63025,0.43071],[0.74205,0.17014],[0.5336,0.26223],[0.36211,0.47624],
[0.1125,0.42224],[0.81028,0.53045],[0.44872,0.39302],[0.61729,0.21705],
[0.53564,0.6193],[0.27199,0.38652],[0.6377,0.61417],[0.10679,0.47289],
[0.67094,0.46894],[0.47229,0.66194],[0.65708,0.53251],[0.53116,0.65987],
[0.65441,0.51206],[0.37622,0.5443],[0.84753,0.44162],[0.55703,0.05231],
[0.16698,0.32291],[0.58348,0.084],[0.6365,0.07832],[0.93063,0.13457],
[0.8198,0.87212],[0.6815,0.43307],[0.68933,0.53844],[0.32115,0.51986],
[0.70309,0.06958],[0.14275,0.37404],[0.16706,0.4256],[0.89292,0.09121],
[0.86383,0.67662],[0.15275,0.46138],[0.6401,0.43656],[0.45412,0.66456],
[0.12145,0.49409],[0.53512,0.64541],[0.71546,0.2086],[0.54795,0.10359],
[0.67841,0.54836],[0.18142,0.40594],[0.31918,0.51825],[0.48676,0.61064],
[0.57663,0.43244],[0.46255,0.35191],[0.891,0.59523],[0.63012,0.46154],
[0.54321,0.04858],[0.60834,0.28797],[0.12684,0.38318],[0.56477,0.66637],
[0.57263,0.68506],[0.60912,0.11028],[0.93352,0.13602],[0.18932,0.56761],
[0.66624,0.11499],[0.67399,0.24551],[0.55297,0.11359],[0.60242,0.3552],
[0.67115,0.41738],[0.94188,0.16122],[0.57673,0.19141],[0.24395,0.41667],
[0.60891,0.16354],[0.19455,0.50038],[0.29473,0.38987],[0.46958,0.15196],
[0.37416,0.31549],[0.531,0.22917],[0.16579,0.59551],[0.68212,0.10322],
[0.67265,0.49229],[0.93522,0.11266],[0.51694,0.69172],[0.80295,0.125],
[0.91505,0.0367],[0.32091,0.55344],[0.63723,0.4435],[0.78834,0.15511],
[0.60845,0.52124],[0.71619,0.22804],[0.13146,0.57864],[0.6014,0.0242],
[0.51799,0.32727],[0.83278,0.14305],[0.5744,0.33478],[0.88707,0.46371],
[0.64896,0.59589],[0.29412,0.49684],[0.37712,0.63497],[0.87302,0.83425],
[0.81977,0.55459],[0.53886,0.01508],[0.25498,0.40268],[0.71297,0.05738],
[0.89787,0.61335],[0.46853,0.10549],[0.54481,0.59524],[0.94248,0.09685],
[0.66401,0.07717],[0.43614,0.35401],[0.49347,0.33401],[0.87831,0.48623],
[0.04062,0.94418],[0.647,0.04158],[0.32784,0.50997],[0.50971,0.64108],
[0.96208,0.12696],[0.61744,0.04345],[0.00813,0.94197],[0.01262,0.974],
[0.83727,0.68941],[0.48974,0.66117],[0.84371,0.12369],[0.80156,0.84701],
[0.83941,0.80809],[0.21688,0.48762],[0.30073,0.34476],[0.13232,0.56483],
[0.95311,0.15982],[0.87861,0.62522],[0.91914,0.11714],[0.3503,0.35121],
[0.3503,0.56177],[0.62022,0.24339],[0.62493,0.09601],[0.10888,0.58421],
[0.18892,0.48409],[0.49967,0.06573],[0.65548,0.15959],[0.35064,0.43278],
[0.3067,0.32834],[0.20489,0.51437],[0.91068,0.08148],[0.00522,0.96206],
[0.02032,0.94613],[0.42947,0.60247],[0.50784,0.32002],[0.90663,0.08652],
[0.37948,0.38161],[0.87093,0.84261],[0.58594,0.32082],[0.42911,0.36077],
[0.83926,0.08757],[0.60488,0.14982],[0.62712,0.18399],[0.55834,0.04894],
[0.91993,0.83778],[0.67616,0.08199],[0.38385,0.45028],[0.46485,0.60717],
[0.32007,0.49722],[0.21553,0.42944],[0.32631,0.50441],[0.11782,0.47379],
[0.24418,0.59748],[0.19975,0.3012],[0.66397,0.53178],[0.21641,0.55759],
[0.15196,0.36413],[0.84162,0.53675],[0.5794,0.39827],[0.652,0.01275],
[0.79898,0.11452],[0.91989,0.12291],[0.54657,0.08106],[0.30229,0.55721],
[0.27914,0.40387],[0.19874,0.37814],[0.68517,0.23537],[0.61904,0.12883],
[0.80753,0.68201],[0.46358,0.65425],[0.51186,0.35778],[0.20733,0.49085],
[0.4071,0.38087],[0.50116,0.08862],[0.41305,0.44664],[0.81012,0.4627],
[0.65529,0.13676],[0.40871,0.64564],[0.46645,0.34886],[0.49616,0.2182],
[0.52045,0.05355],[0.26622,0.41549],[0.48569,0.1148],[0.41663,0.61887],
[0.17366,0.32082],[0.22291,0.42268],[0.59805,0.36801],[0.95202,0.15008],
[0.81078,0.09504],[0.83218,0.17219],[0.61099,0.60252],[0.44777,0.61131],
[0.61373,0.06068],[0.64548,0.45838],[0.24743,0.45793],[0.24202,0.54032],
[0.37062,0.47208],[0.30071,0.32955],[0.84472,0.86364],[0.68218,0.49578],
[0.81558,0.4676],[0.43881,0.62838],[0.3645,0.32562],[0.60737,0.54078],
[0.66372,0.54959],[0.23769,0.35158],[0.53511,0.0355],[0.9131,0.19436],
[0.38842,0.45159],[0.47572,0.59977],[0.35529,0.33398],[0.92178,0.17169],
[0.59698,0.09523],[0.15743,0.48229],[0.29425,0.30767],[0.83674,0.62688],
[0.56695,0.68827],[0.24331,0.31758],[0.56001,0.28489],[0.61811,0.52534],
[0.20256,0.38405],[0.01078,0.9251],[0.4458,0.32258],[0.10797,0.59114],
[0.53154,0.15156],[0.52068,0.63701],[0.55994,0.09054],[0.35775,0.44624],
[0.30967,0.43964],[0.58443,0.18382],[0.24469,0.46557],[0.60715,0.48457],
[0.6265,0.1832],[0.35418,0.62457],[0.51944,0.60746],[0.27203,0.46683],
[0.41932,0.58084],[0.33661,0.54736],[0.18449,0.38329],[0.36885,0.53987],
[0.28801,0.34748],[0.4702,0.34657],[0.56354,0.24292],[0.60361,0.13461],
[0.51969,0.34119],[0.51416,0.61901],[0.17277,0.46836],[0.6884,0.52193],
[0.47285,0.39979],[0.60851,0.24666],[0.35485,0.51503],[0.40572,0.40726],
[0.84827,0.04658],[0.68539,0.52504],[0.57724,0.23073],[0.37409,0.33998],
[0.81853,0.55521],[0.56063,0.33219],[0.64137,0.55977],[0.93145,0.14027],
[0.01837,0.91258],[0.22295,0.41689],[0.68682,0.54994],[0.53917,0.14844],
[0.58022,0.20736],[0.55329,0.35914],[0.94988,0.15149],[0.83734,0.03305],
[0.94317,0.09772],[0.48743,0.64726],[0.39149,0.6057],[0.11475,0.46476],
[0.5625,0.67157],[0.59243,0.03017],[0.67956,0.07062],[0.80048,0.13798],
[0.45047,0.30906],[0.84458,0.81129],[0.55831,0.26136],[0.6338,0.48608],
[0.10828,0.35125],[0.23797,0.57726],[0.61594,0.0566],[0.59883,0.10433],
[0.89761,0.81237],[0.62239,0.44861],[0.71663,0.19396],[0.32634,0.46889],
[0.59822,0.46599],[0.14742,0.45434],[0.90268,0.8932],[0.56432,0.63303],
[0.36655,0.31018],[0.16116,0.53807],[0.12611,0.3674],[0.82959,0.86192],
[0.86199,0.88972],[0.5368,0.1717],[0.61723,0.2229],[0.20435,0.47303],
[0.28057,0.46346],[0.33683,0.41534],[0.66464,0.40329],[0.84232,0.59512],
[0.6638,0.24267],[0.48612,0.36929],[0.80808,0.5809],[0.85266,0.57726],
[0.42504,0.59113],[0.85245,0.53948],[0.59855,0.1221],[0.58695,0.38012],
[0.54054,0.03534],[0.88581,0.1561],[0.33227,0.50348],[0.91266,0.85283],
[0.86099,0.49028],[0.45268,0.38355],[0.44482,0.63773],[0.59847,0.36863],
[0.59978,0.39233],[0.13184,0.52577],[0.53294,0.19337],[0.44535,0.36187],
[0.59982,0.57819],[0.85019,0.66],[0.80646,0.05984],[0.2327,0.51983],
[0.15133,0.36412],[0.68168,0.20177],[0.35557,0.34862],[0.51211,0.65722],
[0.57804,0.35504],[0.58192,0.09817],[0.4695,0.16927],[0.24813,0.37673],
[0.37059,0.51924],[0.65328,0.54998],[0.91894,0.0869],[0.53382,0.61025],
[0.45301,0.68498],[0.27026,0.45804],[0.61974,0.34545],[0.87249,0.67951],
[0.57094,0.27415],[0.62044,0.44579],[0.28108,0.41316],[0.10256,0.42821],
[0.48107,0.07724],[0.91943,0.8418],[0.13553,0.59206],[0.87085,0.87508],
[0.67903,0.13466],[0.04578,0.98649],[0.38169,0.56199],[0.45839,0.35666],
[0.62239,0.10052],[0.4789,0.19177],[0.87481,0.86128],[0.62516,0.49419],
[0.43568,0.41178],[0.5057,0.38207],[0.04486,0.97821],[0.79783,0.08002],
[0.48644,0.23814],[0.54409,0.26448],[0.26139,0.39851],[0.51984,0.20502],
[0.37887,0.63181],[0.94137,0.09613],[0.11898,0.34314],[0.55143,0.06476],
[0.3033,0.38556],[0.60312,0.34514],[0.54087,0.14274],[0.62251,0.07111],
[0.89704,0.58783],[0.1069,0.39002],[0.6664,0.24304],[0.25219,0.41971],
[0.23,0.42545],[0.64252,0.21668],[0.29436,0.58459],[0.58197,0.16021],
[0.24588,0.42327],[0.52237,0.36327],[0.64334,0.18947],[0.14604,0.46613],
[0.60049,0.0686],[0.62717,0.44232],[0.84702,0.67731],[0.82442,0.19489],
[0.55969,0.0062],[0.51514,0.34279],[0.7368,0.11394],[0.11912,0.59468],
[0.89845,0.04863],[0.53916,0.02],[0.92285,0.84206],[0.50699,0.16312],
[0.10277,0.41147],[0.47956,0.37848],[0.86562,0.82068],[0.83667,0.11858],
[0.80594,0.14674],[0.27815,0.41651],[0.29941,0.45309],[0.4222,0.611],
[0.51925,0.65572],[0.18223,0.34285],[0.83767,0.45721],[0.5531,0.67037],
[0.91832,0.82484],[0.36734,0.64499],[0.59603,0.22234],[0.44793,0.35779],
[0.48978,0.63064],[0.60041,0.21197],[0.89051,0.85283],[0.68837,0.1299],
[0.57295,0.27314],[0.59414,0.04119],[0.84956,0.64735],[0.65139,0.28766],
[0.64751,0.09462],[0.5828,0.10324],[0.6273,0.18036],[0.53561,0.68466],
[0.30947,0.32063],[0.45464,0.18667],[0.41715,0.61635],[0.7277,0.13164],
[0.37275,0.44738],[0.83456,0.51241],[0.39286,0.60759],[0.85261,0.5239],
[0.62452,0.42262],[0.69627,0.08854],[0.65525,0.52506],[0.20691,0.36084],
[0.19511,0.57892],[0.85057,0.4704],[0.14222,0.36271],[0.89833,0.07578],
[0.63782,0.20644],[0.1332,0.34487],[0.41337,0.41339],[0.27971,0.5731],
[0.19702,0.4592],[0.59216,0.14093],[0.21873,0.32231],[0.17123,0.39554],
[0.82415,0.20235],[0.62307,0.04002],[0.58424,0.0723],[0.86537,0.10226],
[0.9488,0.82804],[0.28332,0.43465],[0.25684,0.56574],[0.33429,0.44494],
[0.54553,0.62088],[0.1249,0.45055],[0.12701,0.38348],[0.58909,0.08587],
[0.24934,0.49834],[0.29871,0.36519],[0.94973,0.17762],[0.38058,0.34765],
[0.93061,0.18701],[0.15131,0.30468],[0.47385,0.64209],[0.84327,0.14124],
[0.7154,0.23753],[0.4908,0.64323],[0.2924,0.39483],[0.64073,0.42725],
[0.47689,0.31496],[0.2307,0.306],[0.29658,0.4843],[0.13821,0.32772],
[0.60279,0.65535],[0.29846,0.31306],[0.87837,0.62035],[0.68881,0.24274],
[0.86766,0.89546],[0.90017,0.1692],[0.42027,0.36244],[0.25062,0.52157],
[0.04745,0.91221],[0.69345,0.1847],[0.67549,0.50474],[0.55926,0.15075],
[0.33545,0.37378],[0.30109,0.43705],[0.12615,0.4997],[0.59723,0.66735],
[0.18816,0.47267],[0.53341,0.69172],[0.93757,0.06798],[0.96215,0.06424],
[0.38753,0.46091],[0.85681,0.03904],[0.3951,0.55533],[0.53147,0.20645],
[0.59326,0.21841],[0.38728,0.47118],[0.24245,0.50056],[0.24729,0.39427],
[0.21221,0.35072],[0.55319,0.40755],[0.68248,0.48277],[0.28984,0.48768],
[0.65221,0.03163],[0.31781,0.36747],[0.55485,0.61239],[0.61161,0.25492],
[0.81247,0.13197],[0.93799,0.86839],[0.20675,0.3374],[0.33074,0.39513],
[0.58592,0.08945],[0.52751,0.68841],[0.56015,0.15629],[0.60989,0.29364],
[0.89003,0.57743],[0.02936,0.9552],[0.50067,0.24805],[0.85895,0.63616],
[0.43993,0.66015],[0.84923,0.87927],[0.46895,0.38612],[0.29649,0.44641],
[0.82892,0.61851],[0.22716,0.50303],[0.52153,0.67171],[0.10822,0.43352],
[0.64871,0.43877],[0.13272,0.54514],[0.64045,0.20849],[0.88753,0.11284],
[0.46194,0.31728],[0.74221,0.16564],[0.32839,0.31057],[0.87202,0.52706],
[0.63123,0.03769],[0.62806,0.16614],[0.8823,0.14547],[0.04953,0.9775],
[0.31211,0.50863],[0.51562,0.08618],[0.36402,0.48792],[0.87236,0.03395],
[0.90805,0.14761],[0.88958,0.21206],[0.19015,0.42547],[0.57551,0.23299],
[0.57184,0.26885],[0.3454,0.33443],[0.12213,0.50583],[0.66184,0.09902],
[0.21666,0.40478],[0.33767,0.53968],[0.56243,0.06497],[0.26482,0.57671],
[0.03827,0.9532],[0.72302,0.10298],[0.86792,0.11729],[0.452,0.6811],
[0.52357,0.60087],[0.73044,0.1857],[0.44369,0.38044],[0.13382,0.39849],
[0.06351,0.90984],[0.31026,0.32858],[0.52735,0.03674],[0.21658,0.37652],
[0.51361,0.60776],[0.58361,0.16481],[0.84868,0.52193],[0.55433,0.32559],
[0.34339,0.44029],[0.66179,0.02767],[0.51448,0.10498],[0.90025,0.80807],
[0.62928,0.49993],[0.22663,0.34476],[0.23227,0.58288],[0.89729,0.53738],
[0.92277,0.8243],[0.11232,0.53124],[0.52845,0.30805],[0.84062,0.88309],
[0.89372,0.69374],[0.60902,0.24528],[0.18407,0.58249],[0.202,0.32633],
[0.8122,0.56942],[0.18471,0.31718],[0.6312,0.17519],[0.39503,0.58779],
[0.34512,0.55927],[0.64255,0.53725],[0.52421,0.25087],[0.88376,0.88316],
[0.22884,0.48007],[0.27336,0.45506],[0.10217,0.38862],[0.45851,0.37782],
[0.58962,0.54765],[0.64004,0.173],[0.51448,0.03915],[0.70916,0.0844],
[0.2516,0.38713],[0.14105,0.37383],[0.40759,0.43648],[0.18114,0.31347],
[0.35085,0.30435],[0.62446,0.17955],[0.56485,0.01059],[0.24773,0.48142],
[0.91719,0.10126],[0.1083,0.57387],[0.63808,0.16372],[0.67641,0.16013],
[0.5822,0.44041],[0.29778,0.56381],[0.84726,0.11899],[0.82144,0.58318],
[0.17356,0.45119],[0.25535,0.44566],[0.89761,0.64916],[0.133,0.30701],
[0.20548,0.39731],[0.62897,0.59385],[0.86247,0.62035],[0.5527,0.08183],
[0.32896,0.51348],[0.60471,0.4372],[0.15139,0.4694],[0.93011,0.11734],
[0.48381,0.3621],[0.60471,0.2684],[0.28487,0.37253],[0.50917,0.10739],
[0.83514,0.04722],[0.5898,0.37375],[0.87164,0.6577],[0.83581,0.40694],
[0.62411,0.05484],[0.46832,0.68942],[0.16961,0.41206],[0.91756,0.11114],
[0.14047,0.44738],[0.85535,0.21303],[0.83663,0.18101],[0.88598,0.86175],
[0.87593,0.625],[0.62544,0.22785],[0.86862,0.02318],[0.56802,0.60428],
[0.42395,0.328],[0.83655,0.85341],[0.91054,0.03237],[0.39744,0.66544],
[0.20971,0.54053],[0.37808,0.56052],[0.4769,0.32597],[0.39618,0.42234],
[0.82253,0.67838],[0.718,0.1225],[0.29177,0.58752],[0.71215,0.23182],
[0.41496,0.67724],[0.90916,0.84746],[0.83014,0.57371],[0.83828,0.57555],
[0.61074,0.63597],[0.63541,0.19626],[0.70107,0.07232],[0.22735,0.56079],
[0.56498,0.31709],[0.27024,0.32405],[0.81078,0.07978],[0.60266,0.60419],
[0.1016,0.36311],[0.83285,0.89871],[0.00537,0.95633],[0.33676,0.44361],
[0.13874,0.44401],[0.26061,0.40969],[0.10753,0.32552],[0.94735,0.14871],
[0.87864,0.02761],[0.69034,0.11988],[0.83678,0.47833],[0.55587,0.04872],
[0.37985,0.48471],[0.85949,0.50186],[0.07359,0.91173],[0.60551,0.0653],
[0.1633,0.47891],[0.39034,0.54945],[0.48819,0.31926],[0.6498,0.55193],
[0.16287,0.49993],[0.82982,0.49512],[0.6327,0.25185],[0.37749,0.56707],
[0.52381,0.04685],[0.50699,0.258],[0.6101,0.1683],[0.70868,0.25105],
[0.49321,0.39724],[0.27496,0.51988],[0.87875,0.50792],[0.28327,0.41965],
[0.39102,0.34758],[0.63206,0.45903],[0.26027,0.30516],[0.85897,0.86286],
[0.522,0.25368],[0.5519,0.18301],[0.40719,0.32947],[0.50945,0.31264],
[0.71893,0.15527],[0.23087,0.54983],[0.49585,0.24246],[0.87122,0.53699],
[0.85794,0.52651],[0.13953,0.43786],[0.54624,0.23197],[0.19034,0.5053],
[0.41825,0.65622],[0.80619,0.5955],[0.42751,0.59894],[0.1245,0.59952],
[0.60788,0.03002],[0.58676,0.27387],[0.37933,0.61804],[0.08104,0.97784],
[0.63601,0.53739],[0.57343,0.1621],[0.7081,0.12144],[0.52649,0.02291],
[0.70946,0.14792],[0.25529,0.40203],[0.40537,0.42243],[0.55303,0.6443],
[0.24626,0.34876],[0.85953,0.42721],[0.51439,0.3091],[0.14235,0.50954],
[0.36235,0.43638],[0.16504,0.3836],[0.74091,0.17884],[0.61272,0.2698],
[0.83188,0.82442],[0.83475,0.6185],[0.87297,0.0628],[0.32885,0.3157],
[0.8597,0.58386],[0.32231,0.34946],[0.87491,0.11752],[0.61487,0.24122],
[0.35288,0.51613],[0.81836,0.05834],[0.40742,0.5561],[0.69616,0.19185],
[0.59505,0.62831],[0.96915,0.09467],[0.44364,0.60855],[0.54139,0.25202],
[0.24143,0.36217],[0.66534,0.18857],[0.60091,0.33452],[0.56946,0.36013],
[0.59285,0.65166],[0.23582,0.31928],[0.58937,0.06288],[0.93187,0.8758],
[0.81369,0.65094],[0.82192,0.89412],[0.12184,0.42246],[0.19761,0.59046],
[0.78613,0.10933],[0.29519,0.54902],[0.63334,0.22579],[0.48638,0.20788],
[0.46025,0.1467],[0.94267,0.16725],[0.30726,0.58517],[0.7275,0.20293],
[0.21117,0.51355],[0.398,0.61031],[0.54435,0.3481],[0.51599,0.2581],
[0.63794,0.57114],[0.66886,0.21913],[0.50074,0.31462],[0.15768,0.43051],
[0.53066,0.61445],[0.83997,0.65249],[0.62232,0.50155],[0.82566,0.06033],
[0.82188,0.18999],[0.63825,0.20613],[0.21678,0.5641],[0.88159,0.57237],
[0.60913,0.4609],[0.88081,0.81961],[0.06995,0.96153],[0.49342,0.18183],
[0.43675,0.38803],[0.86953,0.87592],[0.5293,0.12253],[0.28857,0.31162],
[0.55457,0.09332],[0.38938,0.62634],[0.62199,0.45327],[0.87561,0.58844],
[0.86308,0.40116],[0.26226,0.50804],[0.58095,0.58115],[0.58801,0.60948],
[0.57423,0.34111],[0.25152,0.40927],[0.60842,0.11042],[0.92687,0.03795],
[0.91713,0.84165],[0.9631,0.15531],[0.84554,0.18483],[0.64628,0.18224],
[0.8548,0.82382],[0.82294,0.47262],[0.65639,0.20196],[0.84853,0.02551],
[0.12256,0.44471],[0.36789,0.3792],[0.34034,0.51384],[0.44187,0.39905],
[0.61798,0.63964],[0.12505,0.57265],[0.24587,0.5229],[0.47537,0.22039],
[0.38279,0.59342],[0.34095,0.57005],[0.41936,0.64991],[0.52172,0.05953],
[0.12577,0.42611],[0.1383,0.57913],[0.91514,0.12269],[0.62071,0.48811],
[0.30691,0.46597],[0.88332,0.82872],[0.39856,0.66681],[0.88354,0.89089],
[0.87396,0.10379],[0.13491,0.45033],[0.6921,0.50128],[0.63109,0.04962],
[0.6609,0.59345],[0.82266,0.88522],[0.31601,0.4284],[0.36522,0.39092],
[0.85692,0.89966],[0.44388,0.64265],[0.55937,0.11496],[0.82956,0.65939],
[0.52628,0.64323],[0.59905,0.13374],[0.6053,0.27911],[0.68017,0.50222],
[0.45769,0.60724],[0.28391,0.34773],[0.64444,0.36521],[0.17102,0.54771],
[0.13131,0.418],[0.50685,0.04311],[0.80433,0.62632],[0.7482,0.15246],
[0.22927,0.34951],[0.52054,0.11425],[0.87175,0.41181],[0.58648,0.34257],
[0.12702,0.38808],[0.71207,0.17856],[0.62815,0.57218],[0.4821,0.23274],
[0.84599,0.09702],[0.87722,0.52867],[0.60652,0.06642],[0.8043,0.62664],
[0.15179,0.56298],[0.66724,0.57533],[0.33356,0.35172],[0.32307,0.44459],
[0.14661,0.33376],[0.66668,0.54552],[0.51315,0.09146],[0.71839,0.17481],
[0.48131,0.15017],[0.51542,0.13622],[0.27237,0.58982],[0.96159,0.12429],
[0.60237,0.44035],[0.06251,0.90537],[0.56951,0.21306],[0.42166,0.3803],
[0.52312,0.61711],[0.68569,0.16913],[0.19461,0.4265],[0.24511,0.59698],
[0.65131,0.43247],[0.66782,0.16467],[0.83948,0.46029],[0.90085,0.15303],
[0.83483,0.84018],[0.8917,0.12168],[0.37193,0.55663],[0.66361,0.51754],
[0.63411,0.26457],[0.82578,0.59639],[0.15687,0.34167],[0.58915,0.27646],
[0.27808,0.41124],[0.01324,0.97687],[0.61336,0.13309],[0.79195,0.14953],
[0.56735,0.00727],[0.02141,0.94636],[0.97568,0.14049],[0.53117,0.04837],
[0.85191,0.53455],[0.30122,0.42003],[0.216,0.36759],[0.06388,0.92201],
[0.46853,0.13388],[0.49316,0.13632],[0.25722,0.50388],[0.8606,0.5529],
[0.86736,0.65368],[0.70522,0.23894],[0.84572,0.41317],[0.84549,0.43612],
[0.67456,0.24045],[0.32821,0.55023],[0.5095,0.34737],[0.46828,0.39617],
[0.69061,0.48724],[0.11975,0.32956],[0.40972,0.38856],[0.50632,0.37579],
[0.50762,0.25899],[0.4088,0.60543],[0.46324,0.69408],[0.88666,0.65689],
[0.53744,0.36112],[0.87519,0.64022],[0.14758,0.47996],[0.84848,0.63026],
[0.62927,0.1913],[0.56276,0.37953],[0.37157,0.64416],[0.50674,0.3808],
[0.46552,0.39378],[0.45943,0.19541],[0.13242,0.42856],[0.18263,0.53282],
[0.55525,0.12611],[0.52806,0.39518],[0.12919,0.42892],[0.83293,0.84396],
[0.49646,0.30933],[0.48137,0.07011],[0.41992,0.36629],[0.89771,0.8607],
[0.37239,0.50581],[0.81306,0.48997],[0.38826,0.42724],[0.5702,0.15463],
[0.25526,0.47814],[0.11839,0.57238],[0.27995,0.48976],[0.41944,0.62196],
[0.36171,0.30049],[0.26463,0.44944],[0.26579,0.43179],[0.50721,0.11953],
[0.86303,0.63379],[0.8171,0.06329],[0.56762,0.33094],[0.86561,0.80238],
[0.79564,0.11007],[0.90835,0.12147],[0.63288,0.41729],[0.44623,0.6427],
[0.35085,0.5614],[0.66226,0.40052],[0.05862,0.99492],[0.60678,0.0531],
[0.58941,0.40209],[0.71413,0.1658],[0.58567,0.67093],[0.61426,0.48747],
[0.5631,0.18616],[0.29161,0.30114],[0.84479,0.45768],[0.32401,0.53741],
[0.17766,0.56701],[0.47688,0.22457],[0.69147,0.17207],[0.16077,0.36125],
[0.1208,0.39336],[0.88732,0.14276],[0.47836,0.16727],[0.23661,0.4899],
[0.73731,0.20924],[0.43269,0.61923],[0.08051,0.95695],[0.45547,0.65573],
[0.6552,0.03416],[0.54924,0.60858],[0.40036,0.43255],[0.60823,0.35431],
[0.89434,0.44269],[0.07033,0.93936],[0.50614,0.12378],[0.55989,0.6825],
[0.54271,0.33162],[0.11897,0.44547],[0.8999,0.13478],[0.34175,0.52197],
[0.59527,0.57715],[0.2132,0.55615],[0.6903,0.24212],[0.65488,0.53615],
[0.5333,0.11601],[0.86243,0.64984],[0.39177,0.38296],[0.02847,0.92517],
[0.17022,0.47263],[0.57683,0.19857],[0.6537,0.10353],[0.37242,0.43213],
[0.6152,0.19198],[0.51728,0.35884],[0.48134,0.65325],[0.66224,0.50639],
[0.85148,0.60803],[0.31583,0.46737],[0.84279,0.07062],[0.50751,0.12204],
[0.31117,0.50819],[0.10504,0.47732],[0.61286,0.05437],[0.27193,0.3159],
[0.6589,0.09019],[0.5815,0.02011],[0.35928,0.49088],[0.32302,0.53414],
[0.82182,0.05148],[0.66997,0.09574],[0.53317,0.04443],[0.56714,0.20795],
[0.80185,0.48256],[0.52473,0.3686],[0.1914,0.33258],[0.51048,0.62563],
[0.57532,0.24296],[0.36186,0.38271],[0.72026,0.07432],[0.86027,0.53463],
[0.5096,0.11353],[0.3994,0.66748],[0.16875,0.36907],[0.64353,0.37564],
[0.42926,0.35252],[0.80228,0.06707],[0.69067,0.06029],[0.29473,0.3591],
[0.81653,0.0758],[0.46308,0.09249],[0.61391,0.58525],[0.83893,0.03175],
[0.81853,0.0722],[0.49226,0.62252],[0.11639,0.39923],[0.79428,0.10681],
[0.46528,0.08772],[0.55674,0.40513],[0.17119,0.43514],[0.67333,0.21685],
[0.83113,0.13512],[0.34248,0.52228],[0.52338,0.25227],[0.29723,0.5771],
[0.84856,0.88351],[0.38825,0.63169],[0.58272,0.16776],[0.68734,0.48465],
[0.53949,0.68488],[0.01813,0.95595],[0.60082,0.22337],[0.56338,0.66193],
[0.57246,0.65069],[0.24128,0.49721],[0.84521,0.51145],[0.70061,0.04868],
[0.60618,0.13217],[0.96883,0.16233],[0.27193,0.46239],[0.84592,0.48508],
[0.24589,0.32317],[0.88372,0.5966],[0.69285,0.22673],[0.18951,0.58399],
[0.50383,0.23152],[0.29517,0.54339],[0.34922,0.62316],[0.38121,0.5499],
[0.48701,0.37405],[0.2721,0.45096],[0.22893,0.50963],[0.51794,0.08674],
[0.81862,0.44326],[0.80476,0.67399],[0.66308,0.51786],[0.80397,0.12402],
[0.19179,0.53005],[0.2103,0.54738],[0.89403,0.54561],[0.90574,0.84476],
[0.81853,0.46145],[0.18388,0.38559],[0.84433,0.07125],[0.33132,0.5083],
[0.59968,0.61033],[0.6249,0.51422],[0.88042,0.02436],[0.87607,0.8122],
[0.8403,0.14732],[0.33441,0.33334],[0.85938,0.51025],[0.91728,0.12863],
[0.49401,0.13384],[0.83886,0.47357],[0.49108,0.66366],[0.93358,0.11349],
[0.30334,0.38779],[0.42852,0.59886],[0.83348,0.69355],[0.84524,0.53406],
[0.42238,0.42842],[0.68181,0.15403],[0.54034,0.34897],[0.90553,0.19187],
[0.61274,0.35353],[0.50734,0.0771],[0.42101,0.42567],[0.5205,0.10193],
[0.93299,0.08049],[0.50755,0.32718],[0.55467,0.58856],[0.20201,0.48165],
[0.43272,0.66177],[0.83046,0.15784],[0.10528,0.57271],[0.5949,0.41485],
[0.60791,0.24561],[0.56567,0.65423],[0.23895,0.3967],[0.28535,0.38912],
[0.62458,0.28651],[0.23094,0.35804],[0.38011,0.50527],[0.54329,0.3991],
[0.64069,0.00778],[0.02909,0.97856],[0.80331,0.636],[0.72594,0.15508],
[0.9065,0.83434],[0.60588,0.44992],[0.36638,0.33428],[0.69078,0.16319],
[0.83441,0.66165],[0.31975,0.30628],[0.87617,0.83887],[0.85327,0.50633],
[0.05425,0.92801],[0.79687,0.1496],[0.31014,0.45654],[0.60149,0.27341],
[0.53747,0.15177],[0.21387,0.4843],[0.34368,0.47638],[0.46867,0.07905],
[0.52462,0.17982],[0.55824,0.68538],[0.88409,0.54133],[0.58328,0.58607],
[0.11044,0.51166],[0.11585,0.51119],[0.1127,0.32071],[0.38203,0.50674],
[0.34272,0.41116],[0.32664,0.48042],[0.36556,0.57043],[0.63969,0.24971],
[0.56031,0.38735],[0.83456,0.67817],[0.51692,0.07375],[0.32561,0.39536],
[0.57838,0.21768],[0.05583,0.94826],[0.97067,0.07857],[0.22856,0.52661],
[0.36317,0.61098],[0.40429,0.56554],[0.64088,0.02747],[0.88446,0.46077],
[0.87749,0.53032],[0.83683,0.85695],[0.55903,0.2502],[0.64506,0.11868],
[0.87312,0.58159],[0.85073,0.55866],[0.53681,0.30755],[0.96291,0.09785],
[0.21583,0.56586],[0.60982,0.57869],[0.47234,0.19369],[0.31925,0.42676],
[0.9444,0.83118],[0.33859,0.41091],[0.83805,0.54739],[0.93504,0.14764],
[0.60818,0.01833],[0.82013,0.54832],[0.66904,0.04332],[0.60369,0.45466],
[0.92071,0.03286],[0.26656,0.43775],[0.52442,0.22906],[0.61041,0.46306],
[0.8628,0.50563],[0.8035,0.86383],[0.92372,0.18314],[0.15748,0.51715],
[0.62839,0.28484],[0.73481,0.09004],[0.86862,0.11075],[0.88851,0.14191],
[0.70758,0.0923],[0.34985,0.58359],[0.36712,0.54853],[0.52151,0.19552],
[0.17915,0.44204],[0.83286,0.87496],[0.80386,0.05913],[0.74101,0.15259],
[0.43904,0.6894],[0.6194,0.56219],[0.54748,0.3654],[0.27762,0.39402],
[0.85039,0.60937],[0.27789,0.44056],[0.65638,0.02279],[0.5776,0.09352],
[0.872,0.61237],[0.28794,0.35778],[0.14261,0.45844],[0.47231,0.69446],
[0.67921,0.4809],[0.33584,0.54748],[0.33149,0.49561],[0.50933,0.65636],
[0.59953,0.41279],[0.58235,0.11642],[0.65852,0.07575],[0.66734,0.10223],
[0.81053,0.44427],[0.91592,0.11246],[0.56255,0.38132],[0.96892,0.14506],
[0.22278,0.31046],[0.64804,0.57025],[0.50422,0.31794],[0.6503,0.57856],
[0.93063,0.89532],[0.48462,0.68902],[0.101,0.59808],[0.42818,0.34783],
[0.21096,0.56879],[0.89891,0.86816],[0.61852,0.12537],[0.87023,0.09085],
[0.08358,0.98444],[0.73095,0.21485],[0.55391,0.21983],[0.1436,0.52821],
[0.60443,0.4814],[0.62125,0.43449],[0.66486,0.25002],[0.29433,0.5758],
[0.64031,0.13175],[0.69517,0.14126],[0.88447,0.50435],[0.37743,0.55965],
[0.81818,0.60746],[0.12374,0.36034],[0.25455,0.44538],[0.52053,0.07425],
[0.61012,0.37554],[0.58975,0.15189],[0.34238,0.39113],[0.71364,0.13343],
[0.84116,0.64595],[0.84469,0.14594],[0.41597,0.35992],[0.88046,0.69482],
[0.20579,0.36228],[0.87837,0.65344],[0.67379,0.50987],[0.53937,0.33423],
[0.94626,0.80145],[0.60508,0.47551],[0.8532,0.49315],[0.59507,0.46451],
[0.51619,0.34539],[0.91644,0.19352],[0.61649,0.58616],[0.47865,0.36035],
[0.65799,0.41244],[0.57913,0.26175],[0.5089,0.0925],[0.62343,0.05833],
[0.21695,0.40283],[0.20714,0.47083],[0.91231,0.04103],[0.38008,0.56956],
[0.63316,0.27386],[0.82665,0.19657],[0.82239,0.81974],[0.64753,0.58029],
[0.94989,0.80206],[0.91482,0.16708],[0.46998,0.66195],[0.56354,0.04131],
[0.88164,0.45245],[0.93798,0.80743],[0.35977,0.41943],[0.32848,0.39143],
[0.41226,0.34653],[0.95091,0.06844],[0.45253,0.39054],[0.20519,0.33825],
[0.93261,0.80037],[0.80059,0.63967],[0.91231,0.10742],[0.52516,0.08964],
[0.87413,0.40778],[0.21852,0.42389],[0.58807,0.03838],[0.49631,0.22208],
[0.62397,0.59332],[0.83076,0.68073],[0.60367,0.36122],[0.59977,0.54267],
[0.93325,0.11129],[0.55307,0.04246],[0.51242,0.19016],[0.57241,0.21044],
[0.40754,0.62936],[0.30506,0.30378],[0.35425,0.56798],[0.25753,0.39261],
[0.37601,0.38751],[0.55864,0.07624],[0.83248,0.19369],[0.65942,0.16972],
[0.61278,0.63509],[0.70471,0.18821],[0.09033,0.95135],[0.65316,0.11265],
[0.71823,0.17176],[0.17835,0.31573],[0.15915,0.48402],[0.50142,0.22228],
[0.0392,0.96986],[0.83547,0.45829],[0.3262,0.53227],[0.68854,0.2197],
[0.8331,0.19822],[0.31816,0.35034],[0.38122,0.66071],[0.2464,0.45931],
[0.61718,0.00223],[0.19473,0.41473],[0.54868,0.10827],[0.5577,0.03693],
[0.94488,0.81721],[0.89728,0.52835],[0.24174,0.50914],[0.78512,0.09443],
[0.304,0.34896],[0.16702,0.44615],[0.63183,0.63576],[0.21363,0.40326],
[0.58233,0.6439],[0.8431,0.59612],[0.10772,0.34015],[0.57446,0.42979],
[0.53453,0.01585],[0.85287,0.60579],[0.24514,0.38348],[0.02962,0.9573],
[0.04671,0.92419],[0.51086,0.30556],[0.89922,0.85782],[0.58283,0.09794],
[0.39596,0.54781],[0.48113,0.13472],[0.54912,0.1699],[0.20378,0.32899],
[0.84642,0.5405],[0.36872,0.52823],[0.71095,0.08039],[0.81454,0.41365],
[0.69109,0.18056],[0.14192,0.52761],[0.06251,0.96279],[0.5886,0.27519],
[0.71168,0.18378],[0.24993,0.55723],[0.61874,0.27628],[0.55037,0.05241],
[0.39816,0.59483],[0.33562,0.45893],[0.65216,0.20583],[0.89722,0.882],
[0.87084,0.67026],[0.83906,0.10078],[0.66697,0.10894],[0.16102,0.52582],
[0.49462,0.38359],[0.84886,0.59405],[0.40948,0.36614],[0.55112,0.36443],
[0.88212,0.69552],[0.84659,0.66785],[0.03297,0.92721],[0.60522,0.46396],
[0.41289,0.42127],[0.85346,0.82066],[0.63632,0.17085],[0.81609,0.429],
[0.04059,0.92568],[0.61434,0.50345],[0.32569,0.37788],[0.32964,0.43219],
[0.60319,0.09797],[0.80846,0.45395],[0.50161,0.17179],[0.35255,0.52644],
[0.20866,0.45049],[0.84702,0.55678],[0.64381,0.63457],[0.14675,0.54862],
[0.46378,0.16141],[0.70381,0.21791],[0.48652,0.36419],[0.95438,0.13109],
[0.68703,0.1084],[0.28352,0.45392],[0.53785,0.63288],[0.62738,0.06825],
[0.85582,0.47956],[0.50637,0.6665],[0.39639,0.54988],[0.94184,0.19021],
[0.81129,0.51682],[0.56507,0.20515],[0.31374,0.33246],[0.88191,0.56397],
[0.81785,0.43447],[0.61716,0.08354],[0.71986,0.10514],[0.64257,0.03725],
[0.61092,0.48748],[0.48995,0.39548],[0.31044,0.41051],[0.48171,0.15552],
[0.55288,0.32984],[0.0781,0.98884],[0.62255,0.48806],[0.80607,0.88791],
[0.807,0.17188],[0.81049,0.55424],[0.53018,0.60215],[0.03228,0.97811],
[0.68381,0.05926],[0.2106,0.44708],[0.52334,0.17695],[0.6377,0.57185],
[0.45207,0.66191],[0.71132,0.13397],[0.86918,0.11696],[0.07431,0.95735],
[0.32151,0.50762],[0.0232,0.95769],[0.42017,0.35649],[0.17238,0.58355],
[0.28021,0.55158],[0.23828,0.56559],[0.84064,0.44195],[0.34045,0.45808],
[0.57215,0.26101],[0.57084,0.24332],[0.34584,0.43087],[0.18952,0.43979],
[0.1142,0.31882],[0.67538,0.02697],[0.57852,0.32992],[0.71182,0.0912],
[0.52126,0.26652],[0.11615,0.57351],[0.60935,0.43519],[0.79398,0.0694],
[0.64543,0.11666],[0.94079,0.12233],[0.67093,0.2569],[0.22887,0.45385],
[0.48589,0.31477],[0.40658,0.56144],[0.47585,0.68091],[0.53359,0.08769],
[0.63052,0.16103],[0.63696,0.62284],[0.68086,0.46976],[0.50085,0.66163],
[0.26739,0.5082],[0.87457,0.06776],[0.82199,0.52705],[0.80113,0.87593],
[0.53748,0.37672],[0.70098,0.21079],[0.70609,0.08093],[0.19536,0.49046],
[0.28875,0.35193],[0.69952,0.1147],[0.9291,0.14087],[0.23457,0.34524],
[0.62435,0.21318],[0.27258,0.38157],[0.02254,0.93723],[0.53371,0.20612],
[0.62191,0.35728],[0.46162,0.13745],[0.65396,0.40172],[0.5387,0.15978],
[0.30973,0.30533],[0.39071,0.66406],[0.56425,0.11443],[0.86176,0.40379],
[0.67979,0.43293],[0.83697,0.63481],[0.36086,0.59789],[0.30065,0.57557],
[0.8391,0.65839],[0.1086,0.55976],[0.50303,0.60175],[0.47467,0.66121],
[0.42576,0.38866],[0.6368,0.15601],[0.22802,0.38738],[0.84662,0.4542],
[0.83388,0.61863],[0.82385,0.56378],[0.25237,0.3565],[0.47409,0.15917],
[0.88451,0.60179],[0.91415,0.89727],[0.72546,0.22328],[0.55545,0.21472],
[0.59216,0.03081],[0.6347,0.1172],[0.50554,0.13825],[0.59408,0.08591],
[0.58413,0.3271],[0.56389,0.67876],[0.39792,0.62812],[0.37771,0.45772],
[0.72182,0.10496],[0.2115,0.52263],[0.61167,0.24616],[0.9361,0.88498],
[0.94592,0.85109],[0.13352,0.33156],[0.53715,0.12097],[0.31523,0.54691],
[0.65257,0.15971],[0.51236,0.25674],[0.4275,0.35977],[0.25238,0.30121],
[0.67994,0.26131],[0.94666,0.08362],[0.46815,0.35328],[0.53445,0.40161],
[0.34612,0.36003],[0.83819,0.87309],[0.34121,0.37924],[0.57772,0.15276],
[0.6259,0.24046],[0.10083,0.32033],[0.3477,0.60389],[0.87067,0.44127],
[0.50324,0.16678],[0.13627,0.4192],[0.30454,0.41351],[0.10467,0.40896],
[0.81328,0.54692],[0.57755,0.23967],[0.85047,0.16151],[0.87224,0.10769],
[0.15353,0.58254],[0.86016,0.63021],[0.53711,0.27942],[0.41926,0.41372],
[0.30368,0.45059],[0.11323,0.30883],[0.23059,0.40443],[0.23052,0.46173],
[0.18698,0.45923],[0.65156,0.60036],[0.60503,0.0652],[0.57824,0.13593],
[0.46108,0.65451],[0.58503,0.33265],[0.69086,0.0528],[0.19562,0.35277],
[0.85367,0.1128],[0.63757,0.24384],[0.57022,0.22674],[0.96107,0.13508],
[0.52988,0.1573],[0.56805,0.23808],[0.34879,0.35277],[0.53226,0.03025],
[0.53812,0.3257],[0.63218,0.17096],[0.85852,0.42683],[0.9387,0.85271],
[0.83196,0.65578],[0.28494,0.3764],[0.10995,0.45347],[0.58026,0.58966],
[0.05279,0.95894],[0.47847,0.32861],[0.8118,0.85677],[0.35213,0.30597],
[0.84286,0.83173],[0.49879,0.2397],[0.43909,0.31836],[0.39689,0.56528],
[0.57265,0.016],[0.92448,0.0834],[0.47498,0.09665],[0.25483,0.53265],
[0.26037,0.34641],[0.84649,0.62695],[0.59368,0.15451],[0.55475,0.18883],
[0.52633,0.04569],[0.53426,0.16899],[0.34207,0.40524],[0.7954,0.06787],
[0.64653,0.09367],[0.4639,0.64493],[0.53605,0.03564],[0.04351,0.92417],
[0.57367,0.38589],[0.84386,0.45874],[0.51865,0.12412],[0.87477,0.67773],
[0.5745,0.68231],[0.48622,0.14704],[0.92638,0.20131],[0.54073,0.07023],
[0.31031,0.30308],[0.67604,0.27114],[0.62602,0.12623],[0.28949,0.55405],
[0.29234,0.32043],[0.61402,0.09025],[0.83929,0.16041],[0.68238,0.22495],
[0.33942,0.45319],[0.11626,0.34735],[0.66451,0.60757],[0.45718,0.66705],
[0.88556,0.1335],[0.53561,0.39395],[0.5306,0.60213],[0.60091,0.18738],
[0.32895,0.3667],[0.85948,0.07046],[0.61833,0.37235],[0.31241,0.38164],
[0.5379,0.10509],[0.90796,0.06976],[0.82716,0.48207],[0.94128,0.18283],
[0.95647,0.08579],[0.62422,0.29029],[0.8658,0.61596],[0.6414,0.25293],
[0.61728,0.12612],[0.64353,0.13068],[0.63205,0.44608],[0.55967,0.60927],
[0.67393,0.18045],[0.45052,0.60033],[0.3625,0.45805],[0.72902,0.09231],
[0.22994,0.59359],[0.60464,0.65513],[0.90146,0.20916],[0.90542,0.2014],
[0.65837,0.5065],[0.10663,0.41702],[0.55039,0.28344],[0.34822,0.50434],
[0.00113,0.94739],[0.8124,0.43757],[0.68148,0.19355],[0.2903,0.38122],
[0.35677,0.31732],[0.50939,0.23965],[0.88898,0.0633],[0.57904,0.12218],
[0.45859,0.64622],[0.46708,0.21578],[0.85847,0.12116],[0.32252,0.32775],
[0.38036,0.62009],[0.47152,0.66647],[0.47966,0.39566],[0.26487,0.52322],
[0.38613,0.48301],[0.57568,0.13944],[0.87451,0.67911],[0.31165,0.39296],
[0.86144,0.89926],[0.32191,0.36039],[0.64163,0.09884],[0.53149,0.40478],
[0.90604,0.08644],[0.64684,0.07294],[0.65617,0.04104],[0.03851,0.96833],
[0.35733,0.46342],[0.89196,0.82781],[0.24993,0.35553],[0.82258,0.82788],
[0.61007,0.07732],[0.0054,0.93225],[0.30701,0.56588],[0.23728,0.4574],
[0.40479,0.41369],[0.88377,0.80354],[0.17041,0.42906],[0.61163,0.22193],
[0.35453,0.41251],[0.3434,0.42471],[0.29365,0.44104],[0.11877,0.52587],
[0.06778,0.90796],[0.33344,0.5504],[0.47845,0.08508],[0.85431,0.17298],
[0.59806,0.56127],[0.63776,0.13336],[0.7091,0.23381],[0.1472,0.5932],
[0.24325,0.3721],[0.25996,0.4242],[0.64372,0.15601],[0.33123,0.60721],
[0.69208,0.06782],[0.65746,0.48394],[0.80996,0.42741],[0.48999,0.62791],
[0.55509,0.63986],[0.26449,0.49582],[0.41717,0.42355],[0.58671,0.61353],
[0.62257,0.10689],[0.52606,0.24781],[0.51529,0.19906],[0.2717,0.48677],
[0.53526,0.25829],[0.81686,0.88037],[0.86955,0.83386],[0.60779,0.14784],
[0.30299,0.41334],[0.33371,0.46009],[0.60376,0.20259],[0.51876,0.03199],
[0.51026,0.11062],[0.53931,0.08752],[0.13374,0.49435],[0.38955,0.61002],
[0.42936,0.34102],[0.40072,0.34753],[0.37866,0.64229],[0.8772,0.61343],
[0.19364,0.52625],[0.49719,0.04455],[0.87075,0.85531],[0.18058,0.33574],
[0.69761,0.1186],[0.34977,0.62897],[0.15204,0.45991],[0.59737,0.2178],
[0.71284,0.2221],[0.19533,0.36682],[0.59926,0.52841],[0.68722,0.49174],
[0.63256,0.57946],[0.81401,0.82294],[0.66157,0.53735],[0.31703,0.3564],
[0.58507,0.2902],[0.89193,0.60014],[0.4806,0.65999],[0.40342,0.36254],
[0.38798,0.46631],[0.27308,0.50707],[0.4586,0.66115],[0.37148,0.56708],
[0.52368,0.10131],[0.79428,0.11935],[0.4751,0.34226],[0.84305,0.05352],
[0.89483,0.54912],[0.50336,0.65025],[0.39027,0.64206],[0.18765,0.57636],
[0.10832,0.52992],[0.562,0.00864],[0.5244,0.68],[0.82005,0.68705],
[0.62527,0.08937],[0.61702,0.25103],[0.21119,0.38045],[0.34736,0.35415],
[0.80386,0.4211],[0.01976,0.95277],[0.61984,0.37048],[0.59638,0.67375],
[0.43533,0.35709],[0.57459,0.36531],[0.65522,0.45595],[0.88513,0.65742],
[0.28763,0.40454],[0.83097,0.58339],[0.49853,0.30547],[0.82085,0.04896],
[0.43277,0.6011],[0.83429,0.1083],[0.36924,0.64243],[0.15191,0.4177],
[0.66333,0.11014],[0.27678,0.34009],[0.50083,0.23478],[0.52924,0.18348],
[0.1157,0.37186],[0.10895,0.49394],[0.23309,0.46865],[0.20722,0.36797],
[0.64163,0.40534],[0.47166,0.11393],[0.32929,0.43175],[0.56885,0.2504],
[0.46516,0.64493],[0.56818,0.40273],[0.86744,0.1603],[0.25199,0.477],
[0.53106,0.39883],[0.64252,0.28723],[0.55482,0.09942],[0.92296,0.20159],
[0.41814,0.58283],[0.01459,0.93486],[0.419,0.35768],[0.9173,0.03129],
[0.50873,0.34687],[0.30482,0.5236],[0.85733,0.10383],[0.62893,0.36967],
[0.1017,0.31324],[0.61293,0.57819],[0.83939,0.65636],[0.16106,0.30667],
[0.24789,0.58088],[0.63918,0.62269],[0.92842,0.11769],[0.17214,0.55183],
[0.66513,0.40222],[0.42452,0.59027],[0.28462,0.44299],[0.59615,0.18323],
[0.65764,0.26363],[0.68854,0.47517],[0.51896,0.08948],[0.59584,0.63062],
[0.62567,0.06956],[0.70209,0.14187],[0.18986,0.42377],[0.32543,0.5099],
[0.54715,0.67228],[0.84028,0.51231],[0.60893,0.48398],[0.6699,0.21776],
[0.48399,0.37921],[0.60385,0.48824],[0.54174,0.64511],[0.68102,0.49882],
[0.26108,0.55241],[0.47003,0.3292],[0.56008,0.60192],[0.6232,0.62088],
[0.20247,0.54173],[0.532,0.12231],[0.86029,0.10708],[0.27382,0.45249],
[0.22772,0.40997],[0.79255,0.12204],[0.55936,0.4008],[0.83169,0.58636],
[0.83249,0.65934],[0.59825,0.46597],[0.6312,0.12533],[0.54196,0.01245],
[0.1053,0.48007],[0.09462,0.96053],[0.41726,0.55741],[0.24157,0.38476],
[0.3023,0.54579],[0.59461,0.63101],[0.08544,0.93484],[0.34926,0.38468],
[0.66213,0.23378],[0.14612,0.49663],[0.87321,0.59502],[0.11454,0.31438],
[0.5532,0.12288],[0.96254,0.16033],[0.85298,0.48009],[0.30704,0.41707],
[0.66539,0.4848],[0.50355,0.18332],[0.24932,0.47483],[0.82667,0.59514],
[0.32628,0.48126],[0.86712,0.68242],[0.55775,0.09365],[0.83302,0.04263],
[0.20246,0.32273],[0.84335,0.48861],[0.52913,0.63676],[0.88157,0.46117],
[0.88737,0.53818],[0.62437,0.23331],[0.81695,0.15828],[0.19403,0.30603],
[0.58177,0.17789],[0.64616,0.39211],[0.56721,0.65961],[0.49012,0.6611],
[0.86141,0.03099],[0.60731,0.26565],[0.29088,0.53509],[0.8087,0.80264],
[0.1692,0.55829],[0.9056,0.81162],[0.49167,0.09865],[0.07586,0.93887],
[0.50571,0.64969],[0.83437,0.17904],[0.84081,0.55049],[0.60002,0.08644],
[0.47596,0.63917],[0.31004,0.44582],[0.91955,0.10249],[0.67152,0.25592],
[0.50789,0.35998],[0.60242,0.09883],[0.54987,0.68545],[0.05301,0.99354],
[0.56849,0.1748],[0.85299,0.50024],[0.62186,0.57769],[0.64263,0.56028],
[0.47474,0.6226],[0.51393,0.35348],[0.63238,0.64089],[0.24268,0.4536],
[0.83785,0.80759],[0.23786,0.36175],[0.14241,0.41757],[0.5117,0.21999],
[0.308,0.45707],[0.23839,0.33335],[0.83437,0.68415],[0.1595,0.36327],
[0.81796,0.04508],[0.6368,0.18916],[0.80832,0.06866],[0.40646,0.40185],
[0.66449,0.48241],[0.64583,0.58257],[0.19893,0.3415],[0.87988,0.02944],
[0.1062,0.30663],[0.64076,0.62174],[0.3169,0.3464],[0.2541,0.49515],
[0.20199,0.37444],[0.33238,0.42472],[0.57596,0.12878],[0.86004,0.08163],
[0.57263,0.36549],[0.91918,0.20372],[0.22882,0.37602],[0.1928,0.37837],
[0.89437,0.45056],[0.55312,0.58702],[0.62731,0.17087],[0.41296,0.43843]
